stats : 
10, 3, 10, 10
input: 
-1, 1, -1, 0.143533, 1, 1, 1, -0.999854, 0.999997, 1, 
output: 
0.671573, 0.872194, -1.57952e-06, 
hidden: 
0.216168, -0.969629, 0.219111, -0.704826, 0.633113, -0.304203, -0.454494, -0.837615, -0.881816, 0.353773, 
-0.30762, 0.114521, -0.358054, -0.553996, -0.957516, -0.258781, -0.844228, -0.918737, -0.732856, -0.856998, 
-0.26512, -0.158763, -0.744478, 0.158437, -0.328995, -0.554226, 0.387732, 0.47863, 0.094853, 0.628109, 
-0.843696, -0.0595716, -0.81376, -0.429067, -0.630343, -0.60138, -0.354328, -0.301081, -0.804197, 0.564502, 
0.00183099, -0.505408, -0.726643, -0.680484, 0.525947, -0.614205, -0.141597, 0.558242, -0.834645, 0.297088, 
0.52952, -0.323669, -0.837583, -0.0795621, -0.211546, 0.136825, 0.898661, 0.360103, 0.221119, 0.779223, 
-0.548849, -0.649686, 0.591523, -0.802605, -0.524244, -0.058297, -0.647737, -0.312887, -0.8392, -0.435861, 
0.4583, 0.554342, 0.339422, 0.801106, -0.0335689, 0.0118966, -0.553211, 0.974181, 0.529508, 0.984556, 
0.736183, -0.277844, 0.0109783, 0.578141, 0.761869, -0.0772319, -0.11127, -0.653762, 0.944164, -0.394819, 
0.406964, 0.879574, 0.0848436, 0.377239, -0.180871, 0.375744, 0.198082, -0.320323, -0.750392, 0.457796, 
biases: 
-0.268386, -0.606548, -0.114469, -0.530834, 0.032177, 0.0365356, -0.354893, 0.596963, 0.312985, 0.452574, -0.615035, 0.461583, 
weights: 
-0.171831, 0.665805, -0.451324, 0.0486736, 0.41931, 0.596016, -0.129222, 0.51985, 0.593844, 0.454515, -0.358003, 0.0478821, -0.361269, 0.347542, 0.49545, 0.531918, -0.388492, 0.553736, 0.231701, 0.304577, -0.545524, 0.683644, -0.0424283, 0.118885, -0.118531, -0.126424, 0.276259, -0.140494, -0.644068, 0.653878, -0.0831439, 0.66937, 0.00135034, -0.56037, -0.167047, -0.379611, -0.695838, 0.18838, -0.293379, 0.378807, -0.0145188, -0.625419, 0.268795, 0.60508, -0.272298, 0.648541, -0.0966212, -0.638104, 0.00125563, 0.603378, -0.129942, 0.329013, -0.00143909, -0.261796, 0.00504375, -0.519784, -0.543355, -0.143551, -0.506223, -0.401108, 0.496074, 0.140424, 0.681301, -0.356056, 0.506212, 0.513704, 0.02115, -0.319447, -0.278858, -0.170644, 0.54651, 0.49166, -0.289931, 0.27215, 0.246298, -0.330349, -0.503264, 0.228833, 0.413855, -0.133019, 0.590984, 0.241447, -0.308194, -0.306752, 0.61812, -0.362938, 0.67083, -0.184367, -0.244222, 0.657502, -0.255565, -0.20605, -0.571921, -0.11636, 0.233472, -0.663422, -0.141752, 0.368111, 0.0865384, 0.565455, 
0.504311, 0.314183, 0.026499, -0.332562, -0.691506, -0.496394, -0.266816, 0.549557, -0.228941, 0.200394, -0.612622, -0.0890653, 0.192834, 0.293634, 0.0104969, -0.058608, 0.26957, -0.0786368, -0.0844647, 0.60211, 0.538448, -0.174682, -0.347822, 0.353598, 0.0344521, 0.0208706, -0.589692, -0.436031, 0.28064, -0.371899, 0.195942, -0.277298, 0.218923, -0.450943, -0.426282, 0.502174, -0.00322068, 0.449902, -0.613929, 0.121095, 0.0378281, -0.0828295, -0.158726, -0.628195, -0.513559, 0.278191, 0.125095, -0.417643, -0.518329, -0.0416823, -0.240893, -0.656723, -0.0688591, 0.128721, 0.0105733, 0.629713, -0.0304974, 0.232788, 0.432755, -0.0914713, 0.492873, 0.326564, 0.0428276, -0.259817, 0.00682878, -0.439177, -0.0527256, 0.626122, 0.571649, 0.0722983, 0.671315, 0.0624013, -0.391729, -0.181391, 0.59476, 0.105763, 0.398923, 0.443653, 0.626072, -0.18709, -0.567981, -0.263619, -0.586366, 0.0135789, 0.609745, -0.645141, -0.0692548, -0.160881, -0.646683, 0.0921867, -0.582426, 0.653001, -0.289778, 0.346379, -0.253344, 0.217991, -0.0636871, 0.262372, -0.5121, -0.0340111, 
-0.500367, -0.656399, 0.481491, -0.4801, -0.225132, -0.118112, 0.106085, 0.455231, 0.317892, 0.691571, 0.471354, 0.650562, -0.577511, 0.342988, 0.385799, -0.320538, -0.507848, -0.137754, 0.279522, -0.683479, -0.148439, 0.638412, 0.532467, 0.325629, 0.353252, 0.525188, 0.680328, 0.304976, 0.253972, -0.223979, -0.237079, -0.0417535, -0.338227, -0.12745, -0.242725, -0.53349, 0.0218477, -0.113951, 0.122714, 0.317474, 0.507046, 0.430608, 0.434172, 0.160766, -0.257587, 0.441227, -0.0719313, -0.110779, -0.325612, -0.627632, -0.574177, -0.411539, 0.579724, -0.126396, -0.386288, 0.224784, -0.576384, 0.0725943, 0.0470772, -0.226937, -0.202276, -0.000984371, -0.378232, -0.140743, 0.477484, 0.193821, -0.544279, 0.361771, 0.254564, -0.364863, 0.462415, -0.278575, 0.500626, -0.180372, 0.353257, -0.138926, -0.628064, -0.459385, -0.649611, -0.379502, 0.024566, 0.690304, 0.143978, -0.47343, 0.455542, -0.0588387, -0.18216, -0.392632, -0.473818, -0.387179, -0.0693828, -0.511463, -0.21405, 0.439899, -0.427353, 0.16756, 0.604393, -0.403608, 0.693633, 0.420862, 
0.0573085, -0.171544, 0.130842, -0.30053, 0.0381466, -0.323315, 0.178631, -0.202604, 0.697105, -0.139186, 0.187351, 0.35858, 0.554392, 0.445051, -0.618189, 0.669844, -0.267222, 0.531712, 0.282554, -0.408543, -0.215824, 0.0738708, 0.661457, -0.664599, 0.53929, 0.2099, -0.608902, 0.050751, 0.140486, -0.532393, -0.637285, -0.106665, -0.216985, 0.237209, 0.164758, -0.065622, -0.637263, 0.26016, -0.198908, 0.257857, 0.134576, -0.680914, 0.438088, 0.150711, -0.113643, -0.181137, 0.636795, -0.528397, -0.512944, -0.116882, 0.641994, -0.245161, 0.341156, 0.36871, 0.118458, 0.238293, 0.0469666, -0.483924, 0.0413392, -0.0333233, 0.241308, -0.525742, 0.486638, 0.361414, 0.374764, -0.505885, -0.346736, 0.198051, 0.279424, 0.0581026, -0.264235, 0.125195, 0.0455201, -0.210412, 0.17736, -0.244749, -0.0257101, -0.304172, -0.220493, 0.792354, 0.234957, 0.166622, -0.382498, -0.306837, -0.122724, 0.667546, -0.650426, -0.188905, 0.614373, 0.458684, -0.488914, 0.513867, 0.320505, -0.359309, -0.18164, 0.549696, 0.409178, -0.171846, -0.669779, 0.205501, 
-0.560806, -0.357715, -0.373436, 0.292096, -0.568781, 0.432421, -0.318204, -0.535559, 0.543488, -0.221031, 0.039485, 0.446123, 0.283003, 0.351366, 0.178303, 0.141986, 0.152408, 0.125914, 0.0389431, -0.499037, 0.422876, 0.275611, 0.414975, -0.262886, -0.31645, 0.682812, 0.133398, 0.624248, 0.0490549, 0.249032, -0.248626, 0.157015, 0.522215, 0.526241, 0.392018, 0.540394, 0.0761712, -0.0819955, 0.352468, 0.130106, 0.188275, -0.0480852, 0.660496, -0.0396114, 0.0853138, 0.230635, -0.0743393, 0.312907, 0.228126, 0.31061, -0.0241058, 0.206978, -0.129989, 0.0518008, 0.260501, -0.079101, 0.543634, -0.490115, 0.448171, 0.250105, 0.642365, -0.240391, -0.627318, -0.32282, -0.332761, 0.49746, 0.135814, -0.306602, -0.6105, 0.484136, -0.0338327, 0.346052, -0.184024, -0.081818, 0.010745, 0.619941, 0.190865, -0.656619, 0.0785027, -0.559471, -0.0984467, 0.251991, 0.642433, 0.629925, -0.559633, -0.63848, -0.488758, -0.0355963, -0.000299037, -0.578056, -0.0376769, -0.454331, -0.20032, -0.370599, -0.638632, 0.638156, -0.531941, 0.343828, -0.643092, 0.355776, 
0.414025, -0.443635, -0.356934, 0.0686314, 0.483635, -0.477428, 0.157822, 0.521784, -0.320709, -0.318571, 0.464945, 0.23889, 0.0974481, 0.477999, -0.505729, -0.636308, -0.502242, 0.0952943, 0.6731, -0.307463, -0.560038, -0.248348, 0.0628711, -0.67837, -0.665189, -0.341996, -0.315723, 0.342885, 0.572847, -0.503256, -0.115483, 0.0440281, 0.52715, -0.565246, 0.256868, 0.516999, -0.470942, -0.646634, -0.337082, -0.61271, -0.151602, -0.0597894, -0.218215, -0.367688, -0.188287, 0.445138, 0.624944, 0.463978, -0.276217, 0.612654, -0.0418729, 0.28268, 0.526696, 0.237031, -0.0631198, -0.19083, -0.525974, 0.663636, -0.471753, -0.419495, 0.166383, -0.559561, -0.349676, 0.108804, 0.458931, -0.523333, 0.560346, -0.0144339, 0.307373, 0.512928, -0.0546296, 0.173257, 0.334221, -0.305772, -0.350763, -0.595931, 0.39148, 0.186442, 0.583128, -0.646024, -0.469073, 0.62654, 0.579469, 0.14959, 0.643834, 0.103286, 0.374604, -0.59533, -0.118636, 0.159843, 0.0612677, 0.507693, -0.368303, -0.344864, 0.141563, -0.413401, 0.492746, -0.816677, 0.641054, 0.189223, 
0.162019, 0.36033, 0.093096, -0.48512, 0.662823, -0.267705, -0.539933, 0.481364, 0.152167, 0.606779, -0.210775, -0.127291, 0.396633, 0.0550982, -0.240145, -0.556993, -0.556572, -0.420807, 0.291022, 0.623872, 0.540571, 0.0384788, -0.187519, 0.0629143, 0.363989, -0.28109, 0.112736, 0.5385, 0.862126, -0.0933857, -0.508283, -0.356621, -0.459069, 0.020961, 0.373922, -0.454418, -0.0660149, -0.0519898, 0.423779, -0.585894, -0.075231, 0.255995, -0.0793226, -0.606692, 0.588087, -0.211962, -0.496026, -0.416827, 0.00899518, -0.0664517, -0.181823, 0.564587, 0.363839, -0.340222, -0.147762, 0.417621, 0.482775, 0.565717, -0.0364547, 0.156323, -0.220737, -0.257386, 0.258013, -0.317257, -0.232637, -0.604643, 0.210251, -0.39381, 0.0716859, -0.352171, 0.00971144, -0.295507, 0.400369, -0.254044, 0.292266, 0.280601, -0.639848, 0.236003, 0.540211, -0.273084, -0.205195, -0.49064, 0.0776171, 0.250703, 0.478769, 0.54561, -0.181916, -0.307191, -0.480365, -0.554964, 0.315296, -0.288619, 0.591137, -0.234283, -0.229447, 0.264507, -0.398935, 0.331379, -0.307967, 0.186935, 
-0.627783, -0.429334, -0.00169569, 0.503926, 0.436139, 0.576433, 0.111703, -0.499239, 0.585016, 0.69693, 0.501616, 0.282709, -0.115628, 0.237735, 0.0194157, -0.241941, -0.153487, -0.313675, 0.199019, -0.407456, 0.611208, -0.0577675, 0.603487, 0.60246, -0.155157, 0.0465002, -0.116687, 0.415641, 0.0594668, 0.558851, 0.0632446, -0.190981, 0.29891, -0.0435779, -0.523764, -0.00713909, 0.263204, -0.531663, -0.149075, -0.461735, 0.129776, 0.0631845, 0.602787, 0.0460341, -0.0631335, -0.419982, 0.571684, -0.53044, -0.631748, -0.631554, 0.20507, -0.388457, -0.540105, -0.648853, -0.491026, -0.597579, 0.250724, -0.234386, 0.452552, -0.0168138, -0.55994, -0.0236915, 0.17999, -0.393873, 0.330106, 0.318659, 0.126664, 0.000191092, 0.571272, -0.104245, -0.0999957, -0.406155, -0.532642, -0.552156, 0.51519, 0.367828, 0.0712909, 0.0422321, -0.106779, -0.326824, 0.551761, 0.58994, 0.172929, -0.435382, 0.698183, 0.225326, 0.367158, -0.467341, -0.562085, -0.641704, 0.647473, -0.504096, 0.130947, 0.602341, -0.440642, 0.46697, 0.576585, 0.572501, 0.348338, -0.475504, 
0.64844, 0.581452, 0.00957084, 0.646433, -0.62759, -0.214083, -0.305568, -0.0579026, 0.114448, -0.597813, 0.571421, 0.0680037, -0.283638, -0.175553, 0.618549, -0.312993, 0.57475, 0.0372332, 0.0179121, -0.474383, -0.506594, 0.0453626, -0.394832, 0.625346, 0.247972, -0.177807, -0.63235, -0.460612, -0.0509953, -0.369077, -0.0917424, -0.51453, 0.3427, 0.199283, -0.198747, 0.569343, 0.186407, 0.22791, 0.674353, 0.00577372, -0.189701, -0.427235, -0.55142, -0.373162, 0.255542, 0.0905325, 0.595841, 0.352998, 0.140776, -0.0355062, 0.397794, -0.201, 0.329707, -0.537127, 0.325439, -0.176979, -0.262821, 0.218128, 0.209698, 0.0559287, 0.520592, 0.192402, -0.407836, -0.378146, 0.111762, 0.464269, -0.459805, -0.291974, -0.263176, 0.43469, -0.15148, 0.0795474, -0.0528339, -0.12441, 0.107009, 0.0790673, -0.34905, -0.563727, 0.523178, 0.624062, 0.267318, 0.0422002, -0.0182499, -0.600362, 0.107362, -0.0472223, -0.644044, -0.349265, -0.144994, -0.341077, 0.552055, -0.519077, -0.484079, -0.000407577, 0.622511, -0.30932, -0.0895411, -0.541691, 0.305253, -0.265719, 
-0.284989, 0.374507, 0.612833, 0.0857949, -0.585609, -0.447826, -0.658403, -0.473399, -0.0480371, -0.450411, 0.449688, -0.0377396, 0.177509, 0.193699, -0.317364, 0.614546, 0.645671, -0.0796518, 0.60114, 0.553884, -0.564754, -0.111755, -0.0981695, -0.0663108, -0.075453, -0.11075, -0.645791, 0.0569466, 0.206266, -0.571754, 0.250479, -0.426403, -0.575437, -0.110819, 0.264447, -0.549545, 0.526184, 0.558687, -0.0228512, -0.0933405, 0.250036, 0.521109, 0.0870222, -0.261559, -0.0882687, 0.501359, -0.120468, -0.0632771, 0.0504997, -0.131926, -0.0386146, -0.174028, -0.482083, -0.149703, -0.574448, 0.151054, 0.190473, -0.223622, -0.419361, -0.133636, -0.594348, 0.341936, 0.401434, -0.363409, -0.68155, 0.47643, -0.0111572, 0.467968, 0.686873, 0.65923, -0.62943, -0.455669, -0.0646991, -0.499944, -0.307864, -0.637357, 0.64493, 0.602969, 0.581717, 0.0891096, -0.588869, -0.00100541, -0.454725, -0.413462, -0.454636, 0.0927532, 0.409771, -0.300066, -0.638379, 0.642917, -0.153005, -0.540768, 0.272095, -0.533212, 0.68272, 0.151121, -0.646202, 0.0539752, 0.568581, -0.512752, 
-0.68068, -0.0365927, -0.473702, 0.531985, 0.122092, 0.380764, 0.332756, 0.655367, 0.665008, -0.485334, 0.0928285, 0.677233, -0.0822672, 0.0470991, 0.411058, 0.0604488, 0.597521, -0.154213, 0.183214, -0.467253, -0.295415, 0.461088, 0.00620919, -0.625361, -0.602298, -0.684291, 0.267911, -0.487642, -0.0259131, -0.609429, 0.183134, 0.444636, -0.417087, 0.537574, 0.376629, -0.445928, -0.194517, -0.556499, 0.146457, 0.142645, -0.0649254, 0.308609, -0.0250729, 0.0697847, -0.395791, -0.606906, -0.565277, -0.207611, -0.295567, 0.00538403, -0.245042, 0.577916, -0.45608, -0.112344, 0.624853, 0.513926, -0.23686, -0.345435, -0.212864, -0.552454, 0.00889993, 0.422568, -0.293769, 0.573952, 0.378853, -0.482949, 0.509498, -0.0863935, 0.485359, -0.324293, 0.0642609, -0.318801, 0.0172094, 0.0128086, -0.319538, 0.568161, 0.466878, 0.205842, 0.0933397, -0.234502, -0.194445, -0.692858, 0.464184, 0.482756, 0.536385, 0.304789, 0.0255507, 0.168797, -0.313969, 0.177719, 0.600672, -0.24689, 0.212918, -0.626139, 0.244294, -0.339935, 0.444229, -0.223416, 0.423365, 0.599619, 
-0.442193, -0.469287, 0.194057, 0.406513, 0.600021, -0.472511, -0.49235, 0.167815, 0.745282, 0.155694, 0.275078, 0.202475, -0.0536466, -0.199061, 0.118702, 0.0792426, 0.755527, 0.128735, 0.32199, 0.0397404, -0.461767, 0.181673, -0.490306, 0.10658, -0.216693, 0.101568, 0.304067, -0.109682, 0.0375833, 0.136111, 
end
