stats : 
10, 3, 10, 10
input: 
1, -1, 1, -1, 1, 1, 1, -0.995078, -0.908804, -0.512942, 
output: 
-0.722347, 0.216896, -0.695585, 
hidden: 
-0.793441, 0.973098, -0.532131, 0.0392484, -0.193314, 0.367135, 0.385746, 0.895219, -0.987617, 0.786431, 
-0.81857, 0.44065, -0.870448, 0.273434, -0.394838, 0.515401, -0.685607, -0.0767463, 0.423651, -0.12729, 
-0.416997, -0.326486, -0.751936, -0.370158, -0.31216, 0.371372, 0.586143, 0.225347, 0.0838543, 0.0455254, 
-0.0241887, -0.278805, -0.54608, -0.190999, 0.150661, 0.312759, -0.0795169, -0.51859, -0.0694059, 0.527438, 
0.733751, 0.0372192, 0.78219, 0.310311, 0.329656, 0.396172, 0.0284398, 0.254833, 0.805585, 0.110388, 
0.686337, -0.298771, 0.375279, -0.623795, -0.102547, 0.555345, -0.885477, -0.734954, -0.0459505, -0.716195, 
0.928159, -0.549989, -0.0646334, 0.752261, 0.356998, 0.234759, 0.561832, 0.967762, -0.182383, 0.429253, 
0.765581, 0.00935146, 0.371966, 0.837502, -0.626281, -0.266187, 0.886179, 0.47793, 0.380892, 0.754569, 
0.200023, -0.856511, -0.937748, -0.871237, 0.566588, 0.363876, 0.832889, 0.0129799, 0.0440496, 0.308484, 
-0.667261, -0.627041, -0.795918, -0.0096134, -0.860567, -0.791487, -0.815069, -0.735185, 0.741073, 0.118983, 
biases: 
-0.0490182, -0.0333121, -0.0449417, -0.0299266, 0.540469, -0.486605, 0.566293, 0.287129, -0.312485, -0.599638, 0.659544, -0.393336, 
weights: 
-0.490557, 0.0872887, -0.44702, 0.390059, 0.307423, 0.393815, 0.46193, -0.420795, 0.667259, -0.600369, -0.518224, -0.154409, 0.281149, 0.555756, -0.189207, 0.188159, -0.587212, -0.573443, 0.432975, -0.189169, 0.10633, 0.680631, -0.667867, 0.194329, -0.372545, 0.341997, -0.203514, 0.620326, -0.691282, 0.0308046, 0.558012, -0.610842, -0.459597, -0.403604, -0.22806, 0.477286, 0.247143, -0.381375, 0.456154, -0.371362, -0.131324, 0.564495, -0.143115, -0.382539, 0.0597386, 0.261457, -0.325712, -0.362857, -0.594206, 0.252889, -0.164611, 0.464895, 0.631157, 0.20326, 0.472984, 0.0645187, 0.155773, 0.592894, -0.698011, 0.634615, -0.297126, -0.592168, 0.308761, -0.187782, -0.382618, 0.625721, -0.229184, 0.168651, -0.403505, 0.301375, 0.461151, 0.310088, -0.217394, 0.148233, -0.14577, -0.386929, -0.167876, 0.1638, 0.391824, 0.0843676, -0.641592, -0.286115, 0.46993, 0.0481875, 0.675671, 0.696325, 0.150501, 0.0106665, -0.554499, -0.000443399, 0.270513, -0.535614, 0.377639, -0.417999, 0.350932, 0.663111, -0.44094, -0.226685, -0.00911027, -0.0287157, 
0.587834, -0.444312, -0.317925, 0.0182014, -0.663814, -0.372412, 0.435035, -0.46201, -0.667234, 0.361857, -0.32662, 0.658943, -0.607717, 0.16903, -0.121209, -0.0405222, -0.426192, -0.673713, -0.265552, 0.386693, -0.49571, -0.42247, -0.457484, -0.27412, 0.0805712, 0.272115, 0.431877, 0.455306, 0.0561268, 0.148842, -0.0753599, -0.44259, 0.187862, -0.697794, 0.530272, 0.432627, -0.608824, 0.627947, -0.378604, -0.0235834, -0.577113, -0.33409, 0.6527, -0.694079, 0.518887, 0.318415, -0.523939, -0.561253, -0.0165467, 0.161479, -0.223599, -0.572102, -0.44684, 0.0708148, 0.24762, 0.656051, 0.213489, -0.0129301, -0.42067, 0.667854, -0.54137, -0.586952, 0.0813785, 0.092133, -0.260826, 0.114727, -0.458794, -0.4266, 0.548098, 0.0171264, -0.162256, 0.351578, 0.148836, 0.379269, -0.0898995, 0.600344, -0.439359, 0.495441, 0.603683, 0.0749683, 0.686386, 0.383491, 0.671397, 0.114411, 0.268082, -0.250985, -0.589131, 0.44388, -0.0316364, 0.423437, 0.517227, -0.329295, -0.539956, -0.479235, -0.401359, -0.678688, 0.0204786, 0.659595, -0.473896, 0.0340483, 
0.550235, 0.361407, 0.490028, 0.31688, 0.375923, -0.0772457, -0.310987, 0.0165681, -0.629778, -0.256014, -0.64242, -0.466441, 0.699791, 0.241525, 0.513606, -0.350509, 0.313117, 0.594422, 0.247059, 0.0270525, 0.395479, -0.152424, 0.31868, -0.110068, -0.264861, -0.599222, 0.364175, 0.187635, -0.0686702, 0.285112, 0.573527, 0.275059, 0.42841, -0.125609, 0.133368, -0.354707, 0.160441, -0.0755249, -0.261181, 0.537325, -0.607568, 0.302678, -0.25192, -0.245361, 0.14735, 0.177937, 0.0737398, 0.665919, 0.336515, -0.176634, 0.600543, 0.107434, -0.201683, -0.32503, -0.661379, 0.503983, -0.157756, -0.0212161, -0.589627, 0.50619, 0.434293, -0.529545, 0.669454, 0.522048, 0.257607, -0.164829, -0.510655, -0.543996, 0.183459, 0.0910507, -0.630716, 0.414155, -0.133835, -0.293665, -0.311885, 0.528173, -0.0358004, -0.351959, 0.502443, -0.501667, 0.696272, -0.678918, -0.602952, 0.462435, 0.0312994, -0.264297, 0.679571, 0.324589, 0.0912744, -0.617982, 0.575363, -0.157304, -0.22934, 0.330366, -0.588139, 0.380442, -0.52607, 0.422619, -0.618179, 0.586335, 
0.497605, 0.650204, 0.46811, 0.630023, 0.0317259, -0.627182, -0.440526, 0.68652, -0.0853366, -0.441863, -0.583626, 0.24487, -0.29911, 0.0250549, -0.192944, -0.154675, -0.399472, -0.45445, 0.242451, -0.458677, -0.693485, 0.140864, 0.674721, -0.0719283, -0.120592, 0.132283, -0.0934811, 0.084152, -0.533602, 0.406256, 0.388245, -0.681392, 0.381076, -0.0902042, 0.541657, -0.405176, 0.101287, 0.283167, 0.0347582, -0.689584, 0.67376, 0.0608295, 0.638575, -0.67014, -0.133511, 0.164486, 0.417885, 0.604422, 0.174184, 0.477676, 0.275458, 0.525394, 0.0921937, -0.381161, 0.576969, 0.408, 0.23162, -0.381401, 0.174654, 0.508515, -0.596691, -0.22288, 0.40283, -0.155651, -0.147512, -0.470635, -0.425512, 0.127224, -0.494333, 0.526167, 0.271957, -0.577701, 0.490457, 0.296231, 0.524128, 0.621394, -0.680227, -0.00298816, -0.582999, 0.0120162, 0.527303, 0.0513764, -0.0587564, -0.431784, -0.466853, 0.560527, 0.278096, -0.0485328, 0.130212, -0.0298181, -0.0612591, 0.630534, -0.296861, 0.286044, -0.145999, -0.447257, 0.595935, 0.483375, 0.336783, -0.343151, 
-0.19531, -0.395276, -0.687524, -0.669499, 0.352325, 0.496746, -0.673443, -0.333636, 0.644675, -0.466092, 0.0369216, 0.655795, -0.60991, -0.552923, 0.496222, 0.239915, 0.357172, -0.650303, 0.0401697, -0.314406, -0.288246, 0.60547, -0.113775, 0.106703, 0.142176, -0.0822587, 0.516907, 0.0740151, -0.667609, 0.111734, -0.522085, 0.237491, -0.377402, 0.287022, 0.555531, 0.0254187, -0.431302, -0.222752, 0.550403, 0.141331, -0.494658, 0.297232, -0.14795, -0.534441, 0.557124, 0.041759, -0.666268, 0.0874332, -0.577282, -0.23634, 0.574169, 0.221086, 0.658783, -0.281259, 0.0419272, 0.00580615, -0.280842, -0.667269, 0.640301, -0.388899, -0.26977, -0.463845, 0.180183, -0.263645, -0.241448, -0.693533, 0.165577, 0.163738, 0.0897601, -0.628716, 0.287882, 0.557535, 0.52655, 0.406339, -0.222028, 0.305705, 0.259174, 0.644389, -0.332246, 0.0942816, -0.573693, 0.64464, -0.324064, -0.152033, -0.340364, -0.5927, 0.461006, 0.683321, 0.478546, 0.289953, 0.242218, 0.43437, 0.513383, 0.13433, -0.232109, -0.053815, 0.263443, 0.225131, 0.181959, -0.501077, 
0.00305462, 0.186181, -0.50308, 0.267174, -0.00713956, 0.687413, -0.403461, -0.223192, -0.488848, -0.419234, -0.109774, -0.580856, -0.431618, -0.15269, 0.540179, 0.38522, -0.128431, 0.580862, -0.304594, -0.55398, 0.698364, -0.172963, 0.561067, -0.257155, 0.549203, 0.353552, -0.597097, 0.440104, 0.378393, 0.183984, -0.020079, 0.274298, 0.129176, 0.374375, 0.503867, 0.226788, 0.479058, -0.37292, 0.279143, -0.568171, -0.333935, 0.122024, -0.134272, 0.201792, -0.412993, 0.505586, -0.414116, -0.613086, -0.61391, 0.114778, 0.432634, -0.679879, 0.413028, -0.0997127, -0.263335, 0.529704, -0.273365, 0.326187, 0.0257337, 0.292819, -0.474979, 0.0541239, 0.413842, -0.1194, -0.168402, -0.179063, 0.530717, 0.593465, -0.105208, -0.444367, 0.686307, 0.488546, 0.585498, 0.337932, 0.537456, 0.131707, 0.637063, -0.590871, 0.419375, -0.526746, 0.63897, 0.280874, 0.607766, -0.525225, -0.211364, -0.103013, -0.312048, -0.458091, 0.650896, -0.0577173, 0.47089, -0.0866491, 0.158197, -0.331554, 0.556797, -0.679186, 0.217313, 0.329927, -0.0723951, -0.118048, 
0.540372, -0.269148, -0.543846, 0.497735, -0.242679, 0.124812, -0.57357, 0.659876, 0.604627, 0.625945, -0.637838, 0.048752, -0.24821, -0.0465469, -0.312166, -0.390233, 0.0645143, -0.648251, 0.43193, 0.56324, -0.277205, -0.0632122, 0.173234, -0.081075, 0.0259582, 0.546634, 0.467717, 0.289051, -0.662307, 0.239899, 0.0662301, 0.169844, 0.274243, 0.12508, 0.657928, 0.187889, -0.20793, -0.396546, -0.130334, 0.0873132, -0.693534, 0.618547, -0.466722, -0.0211495, 0.263157, -0.687709, 0.350258, -0.488059, -0.541371, -0.0301447, -0.0409356, -0.50919, -0.212575, -0.275074, 0.475418, 0.559366, -0.274855, 0.646261, -0.571367, -0.458861, -0.642833, 0.422211, -0.185164, -0.515663, 0.21967, 0.523282, -0.229495, 0.155622, 0.431663, 0.140948, 0.0502917, -0.473439, -0.157662, -0.255048, -0.39675, 0.347332, 0.283982, -0.598151, -0.229225, -0.553617, -0.208785, -0.0975379, -0.00437266, -0.117655, -0.699354, -0.28213, 0.294301, 0.0944673, 0.556283, 0.393849, -0.100957, 0.681476, 0.608345, 0.466482, 0.118874, 0.408773, -0.536869, 0.306315, 0.514263, 0.581476, 
-0.496413, 0.667023, 0.0219004, 0.331778, -0.583095, 0.36127, 0.45455, -0.466753, -0.374846, -0.194512, -0.227736, -0.20824, -0.597541, 0.0457212, 0.612299, 0.518012, -0.497408, 0.124014, 0.241371, 0.215133, -0.416132, -0.168474, 0.640517, 0.134597, 0.485899, -0.408867, 0.409449, -0.187047, 0.521643, 0.286922, -0.0936162, -0.373633, 0.559607, -0.42127, 0.215691, -0.520748, 0.339109, 0.332809, 0.63613, 0.13485, 0.449214, -0.310536, -0.348574, 0.0508118, -0.381067, -0.314085, -0.32927, -0.0673115, 0.0334917, 0.359947, -0.369031, -0.613983, 0.408658, 0.140236, -0.669054, -0.407438, 0.171621, 0.562572, 0.641604, -0.437841, 0.213654, -0.0736448, 0.100498, 0.504996, -0.525475, -0.360121, 0.0737343, 0.21396, 0.389742, 0.29655, 0.652437, -0.296513, -0.418542, 0.564314, 0.12739, 0.177728, -0.0560381, 0.146165, -0.304223, 0.579261, -0.361273, -0.0252316, 0.290485, 0.539568, -0.481692, -0.248258, -0.538918, 0.0268644, -0.229774, -0.293047, 0.490138, -0.378568, -0.454035, 0.433146, 0.237409, -0.12151, 0.429554, 0.250077, 0.0484142, 0.246837, 
0.147211, -0.295504, 0.0150058, -0.0560282, -0.284907, 0.51988, 0.532926, 0.107263, -0.0621692, 0.527039, -0.589824, 0.0526074, -0.190137, 0.108025, 0.424772, -0.43411, -0.232106, 0.0506874, 0.63796, 0.0753121, 0.344036, 0.299546, 0.522748, 0.18746, -0.608815, -0.418509, 0.13583, 0.636811, -0.513692, 0.628773, -0.492864, -0.131301, -0.576114, 0.175616, 0.264743, -0.143704, 0.251675, 0.574628, 0.457513, -0.402807, -0.150909, 0.125364, 0.563898, 0.684652, 0.0350112, -0.285457, 0.109097, 0.608989, -0.249171, -0.62174, -0.469971, 0.0944671, -0.160345, 0.634294, -0.462372, -0.297652, -0.215459, 0.211037, -0.14071, 0.31822, 0.0578028, -0.542205, -0.654757, 0.0718733, 0.470429, -0.337604, 0.350167, -0.426926, -0.296573, 0.125149, 0.18829, -0.0791456, -0.298712, -0.619872, 0.303579, 0.308831, 0.550343, -0.10111, -0.527268, 0.284844, 0.0117059, -0.692173, -0.411113, -0.0835133, 0.545643, 0.64255, 0.568766, 0.419462, 0.240535, 0.321878, 0.434123, 0.18857, 0.0819522, -0.448773, 0.401416, 0.297827, 0.084614, 0.30376, 0.577536, -0.455481, 
0.0747209, -0.405642, -0.56647, -0.690998, 0.145821, -0.382641, -0.695415, -0.0627998, 0.411789, 0.329347, 0.50808, -0.238075, 0.238342, -0.134366, 0.0545348, 0.212516, 0.201464, 0.498857, 0.307131, 0.0772969, 0.0305385, 0.146928, 0.203065, -0.0843803, -0.212948, -0.325677, 0.324327, -0.202488, -0.526355, 0.0883734, 0.173663, -0.15401, -0.547749, -0.0104301, 0.507201, -0.0779671, -0.510986, -0.549593, -0.567394, -0.408372, 0.509947, -0.18566, -0.289961, 0.283671, -0.574691, -0.165542, -0.00256062, -0.620668, -0.171083, 0.00443602, 0.19441, 0.472296, 0.485675, -0.681024, -0.144065, -0.539585, -0.219816, 0.202547, 0.491363, -0.406472, -0.153328, -0.258171, -0.480318, 0.492548, 0.166637, -0.397329, -0.530427, -0.287228, 0.623763, 0.587439, -0.251957, 0.255998, -0.488506, 0.173056, 0.282932, 0.119237, -0.480031, 0.31622, 0.494369, -0.310792, 0.136434, -0.674678, 0.580683, 0.633509, -0.038563, 0.187382, 0.0208364, -0.0304332, -0.52554, 0.133164, 0.516441, -0.263548, -0.287551, 0.556376, -0.644685, 0.0672075, 0.508386, -0.177398, 0.520642, 0.327048, 
-0.082626, 0.448757, -0.100114, -0.230573, 0.442002, 0.10355, -0.187717, 0.353659, 0.0812759, -0.234074, -0.102751, 0.612199, -0.187586, 0.259151, -0.334063, 0.244367, -0.0195665, 0.403755, 0.0442575, 0.521223, -0.471132, -0.424257, 0.117283, -0.517996, -0.408455, 0.211274, -0.55667, 0.435051, 0.605645, -0.133497, 0.464995, 0.644729, -0.555488, 0.563597, 0.446741, 0.38222, -0.252496, 0.0695124, -0.124274, 0.441546, -0.0172402, 0.535174, 0.565057, 0.328564, 0.141242, 0.262901, 0.569288, -0.0611408, -0.0801014, 0.519686, -0.379568, -0.59497, 0.246626, -0.0641649, -0.229139, -0.62013, -0.196113, 0.33601, -0.185889, -0.106412, 0.25478, 0.645212, 0.0432061, -0.437765, 0.432622, -0.102176, -0.583964, -0.204532, -0.210923, -0.279547, 0.0503813, -0.554552, 0.603601, -0.506281, 0.506744, -0.521941, 0.0505433, -0.030468, -0.567902, 0.0886323, -0.592885, 0.01121, -0.0206562, 0.479415, -0.622393, 0.405982, -0.67346, 0.0505821, -0.28606, 0.225438, -0.184106, -0.244538, 0.143928, 0.397503, -0.608552, 0.146015, -0.616475, 0.0304953, 0.284814, -0.282155, 
0.488927, 0.000971794, -0.525497, 0.142312, -0.509954, -0.586783, -0.528586, 0.600748, 0.684622, 0.02156, -0.362876, -0.596297, -0.274705, 0.446338, 0.306655, 0.555439, -0.511107, -0.0273495, -0.164551, -0.412259, -0.0384142, 0.0140036, 0.0711713, 0.580208, -0.618421, 0.631908, -0.0942945, 0.113162, -0.0263889, 0.526202, 
end
