stats : 
10, 3, 5, 5
input: 
0, 0, 0, 21.8621, 330.168, 229.615, 48.7996, 0, 0.00591018, 1.09076, 
output: 
0, 0.108952, 0, 
hidden: 
0, 0, 30.8219, 5.94123, 57.2724, 
0, 24.5731, 0, 0, 0, 
0.57421, 7.11102, 5.41782, 10.0263, 0, 
0, 0, 1.66562, 6.76614, 0.843183, 
0, 0, 4.3258, 0.858329, 1.21266, 
biases: 
-0.18277, 0.139954, -0.038476, 0.0729503, 0.188281, -0.134307, -0.16611, 
weights: 
-0.151444, -0.199953, -0.0552024, -0.10439, -0.177419, 0.189084, -0.0935466, -0.0598059, -0.133018, 0.135777, 0.0700842, 0.0324446, -0.00796589, -0.0715846, 0.0318906, 0.0438689, -0.168678, -0.0910337, -0.172249, -0.0122837, -0.168355, -0.00999549, 0.0672277, -0.116882, 0.123183, -0.131614, -0.0526448, 0.0731515, 0.190042, 0.0352279, 0.0276289, -0.0162664, -0.121565, 0.097091, 0.185933, 0.08539, -0.145412, 0.162942, -0.159867, -0.182274, -0.0335412, 0.168512, -0.0929024, 0.155539, -0.0524193, 0.169398, -0.0405101, -0.0599382, 0.096255, -0.100372, 
-0.0451325, -0.640616, 0.440997, -0.000729144, 0.0158842, -0.12851, 0.191983, -0.158632, 0.0899795, -0.186061, -0.155926, 0.77708, 0.00510375, -0.894272, -0.352969, 0.0286203, 0.195374, 0.246361, 0.170212, 0.0803363, -0.136802, -0.0118513, -0.163329, 0.324104, -0.639271, 
0.00657526, 0.0457946, 0.477585, 0.135125, 0.180317, 0.0249332, 0.290949, 0.222044, 0.409587, -0.0271389, -0.193588, 0.138689, 0.0512496, -0.127516, 0.208142, 0.0829741, -0.178909, -0.762566, -0.106433, -0.0621673, 0.193266, -0.0941218, 0.149722, 0.113221, -0.0293626, 
-0.198951, -0.257437, 0.0419066, -0.890719, -0.0186844, -0.973086, 0.0495201, -0.0547308, 0.112705, 0.0937601, -0.035426, -0.192846, 0.0750013, -0.142782, -0.148616, 0.148411, -0.981381, 0.154738, 0.715793, 0.0916993, 0.114062, -0.00551929, -0.0618956, -0.19048, -0.144665, 
-0.113108, 0.0918454, 0.158415, -0.190084, -0.991818, 0.976508, 0.806207, 0.999826, -0.677075, 0.0231868, 0.00217268, -0.782945, -0.621392, -0.18809, 0.757428, -0.153589, 0.0633283, 0.766349, 0.128148, -0.0421439, 0.0430343, -0.038805, -0.0150719, 0.13789, 0.0568588, 
-0.108711, -0.0666911, 0.14805, -0.534928, 0.195273, 0.29045, 0.0422123, -0.754929, -0.0460041, -0.114438, 0.00662085, 0.646453, -0.0473748, 0.0563398, 0.123422, 0.479273, 0.39276, 0.133581, -0.0156761, 0.18845, 0.232353, -0.0306413, -0.0137604, -0.559893, 0.0504263, 
-0.188312, 0.164328, 0.348946, 0.039813, -0.178168, -0.0747541, -0.493871, -0.174719, -0.163507, -0.0171523, 0.76292, -0.569878, 0.933271, 0.310082, 0.364511, 
end
