stats : 
10, 3, 10, 10
input: 
-1, 1, 1, -1, 1, 1, -1, 0.949384, 0.999997, 0.787872, 
output: 
0.438128, -0.127845, -0.0802917, 
hidden: 
-0.941929, -0.829721, -0.738285, -0.936299, 0.881587, -0.99608, 0.164101, -0.0639223, -0.64749, -0.856775, 
-0.971425, 0.900002, -0.87454, 0.399926, 0.446922, -0.682383, -0.90102, -0.978774, -0.85759, 0.815706, 
0.523787, -0.189076, -0.658597, -0.572032, -0.883954, 0.713311, 0.332262, 0.175291, -0.409746, -0.201035, 
-0.6899, -0.414595, -0.13405, -0.40199, -0.0711862, -0.147567, -0.648132, 0.0816371, -0.269747, 0.800152, 
-0.742958, -0.151509, 0.207184, -0.830742, -0.598705, -0.836698, -0.0559695, -0.212678, 0.106169, -0.780238, 
-0.887985, 0.0373777, 0.182281, -0.0659906, -0.421696, -0.160381, -0.00389273, -0.417316, -0.311249, -0.265856, 
0.40361, -0.389156, -0.0529356, -0.561717, -0.456111, -0.456084, 0.296006, 0.313353, 0.513173, -0.620549, 
-0.234122, 0.102123, -0.409899, -0.810296, -0.262768, -0.750808, -0.861961, -0.0770646, -0.640536, 0.617813, 
0.328199, -0.0851547, -0.58772, -0.0379753, 0.515526, -0.135067, 0.697407, 0.944763, 0.130321, -0.409443, 
-0.095812, 0.691714, 0.59649, -0.518862, -0.474338, 0.692193, -0.468792, -0.8586, 0.864202, 0.287249, 
biases: 
-0.577665, -0.268453, -0.325473, 0.42387, -0.66715, -0.154466, -0.0278044, -0.0941333, 0.419935, -0.116997, -0.383721, 0.345111, 
weights: 
-0.0476657, -0.512802, 0.373073, 0.206862, 0.217694, 0.36132, -0.226579, -0.496171, 0.253618, -0.690461, 0.332093, -0.318829, 0.12725, -0.593385, 0.524112, -0.580618, -0.134146, -0.596155, -0.655295, 0.548938, -0.507101, -0.400322, -0.33487, -0.565018, 0.109513, -0.543973, 0.353097, 0.470864, 0.257219, 0.170868, 0.650308, 0.362183, -0.18647, -0.467454, -0.608796, 0.461924, 0.496057, 0.0399056, -0.202787, 0.62292, -0.564546, 0.347135, 0.338676, 0.215839, 0.0774181, 0.34777, -0.344448, -0.147722, -0.434707, -0.508122, 0.364516, 0.179426, -0.689737, -0.392424, 0.470763, 0.236661, 0.686785, -0.174223, 0.0303332, -0.109323, -0.0944422, -0.0353782, -0.174247, 0.650839, -0.282614, 0.480894, 0.0856824, -0.603264, -0.672825, 0.288548, -0.223207, -0.217386, 0.38416, 0.372448, -0.371232, -0.121093, 0.541486, -0.576654, -0.323233, 0.423465, 0.148481, -0.0457463, 0.297321, -0.260174, 0.534892, -0.42472, 0.406105, 0.699457, -0.0191655, -0.675929, -0.292624, -0.445316, -0.583891, 0.637554, -0.0983143, -0.196508, -0.486178, -0.318104, 0.397519, -0.394584, 
0.247013, -0.423846, -0.376775, -0.612068, 0.304429, -0.187223, 0.968772, 0.00427771, 0.4613, -0.43767, 0.693982, 0.257649, 0.574855, 0.662555, -0.450531, 0.180251, 0.155325, -0.185011, -0.361525, -0.674337, 0.406153, -0.0888571, 0.675754, 0.127586, -0.532003, -0.339353, 0.343089, 0.630825, 0.374525, -0.178581, 0.552203, -0.635633, -0.393994, -0.156866, -0.457231, 0.648124, 0.691929, 0.646141, -0.243806, -0.671975, 0.0467017, 0.468791, -0.609072, 0.0313858, 0.343961, 0.555697, -0.0624397, -0.857286, -0.0893621, -0.34038, -0.0728869, -0.270854, 0.221484, -0.342199, 0.253103, 0.102595, -0.51192, 0.422576, 0.239724, 0.394626, 0.032043, -0.315171, -0.663416, 0.458554, -0.288176, -0.46027, -0.0536124, -0.626284, -0.533484, 0.0565953, 0.235238, 0.034507, -0.252198, 0.00550395, -0.0815361, 0.624096, 0.202874, 0.303441, 0.665604, -0.449284, -0.118354, -0.0198702, -0.0176482, -0.389664, -0.193121, -0.0480687, 0.0404207, 0.426699, 0.34643, 0.123801, 0.471312, -0.294677, -0.00857931, 0.0970874, 0.341659, 0.629105, -0.381025, -0.580452, 0.18787, -0.484177, 
-0.16982, -0.312248, -0.249631, 0.204489, -0.115162, 0.212226, 0.353853, -0.484298, -0.472978, -0.550168, 0.49387, -0.646634, -0.550033, -0.169707, -0.632687, -0.443917, -0.0758762, 0.0766259, -0.364165, 0.47537, 0.464632, -0.0238057, 0.627001, 0.0139193, 0.551301, -0.382963, -0.253629, -0.50254, 0.163345, 0.340354, 0.205712, 0.28761, 0.277328, -0.308361, -0.104915, 0.490158, 0.239511, 0.361205, -0.54133, 0.0848147, -0.328195, 0.22185, -0.115706, 0.0581064, 0.0499135, -0.300443, 0.348139, 0.303292, -0.554703, -0.136542, -0.761827, -0.17067, 0.385761, -0.441443, 0.08399, -0.634369, -0.527933, 0.258393, -0.519247, -0.356115, -0.14062, 0.508567, -0.412363, 0.524652, -0.238572, -0.198497, -0.03194, 0.112561, 0.347395, -0.436458, -0.278063, 0.0191932, -0.190064, -0.112174, -0.155503, -0.619453, 0.473862, 0.382706, -0.408464, 0.623815, 0.0467033, -0.436675, -0.574802, 0.153048, 0.0453621, 0.294091, -0.160029, 0.148145, -0.286165, 0.669989, -0.135287, 0.200824, -0.625806, 0.403076, -0.465501, 0.567065, 0.670854, 0.0282556, -0.393301, 0.0404853, 
-0.470382, -0.212889, 0.627042, -0.0052619, -0.65726, -0.483875, -0.430621, 0.404688, 0.543994, -0.0936617, 0.57481, -0.281493, -0.317766, 0.0990826, 0.231483, -0.266457, 0.223704, 0.00586247, -0.0133397, -0.0500751, 0.370895, -0.170853, 0.26666, 0.274751, 0.662064, -0.0191768, 0.342641, 0.324866, 0.68767, 0.0535399, 0.433209, 0.36675, -0.146903, 0.603, -0.428848, 0.613216, -0.327775, 0.0569151, 0.111077, -0.21773, 0.693751, 0.460684, 0.385597, 0.3694, 0.0287926, -0.0899578, 0.694185, 0.55743, 0.548647, -0.548319, -0.0478543, -0.2823, -0.243249, 0.0661352, 0.665501, -0.515942, -0.400393, -0.290792, 0.426717, -0.178395, 0.596399, 0.403818, -0.457291, 0.309317, -0.515164, -0.188085, -0.650401, 0.388414, -0.397933, 0.234241, -0.470107, 0.128998, 0.324876, 0.0196281, -0.646413, 0.420953, 0.197365, 0.357503, 0.0490962, 0.582549, 0.0727326, 0.602178, 0.32399, 0.286373, -0.041975, -0.530522, -0.613771, -0.554963, 0.159858, -0.499903, -0.681145, 0.05431, 0.564844, 0.0598518, 0.489481, -0.141903, 0.301812, 0.126089, 0.506247, 0.580732, 
0.562481, -0.302057, -0.252567, 0.56912, 0.339651, 0.612922, 0.416989, -0.227374, -0.454295, 0.464215, -0.546208, -0.477865, -0.443479, -0.11544, -0.421707, 0.66827, 0.222576, -0.656181, -0.348039, -0.621467, -0.584558, 0.216424, 0.36868, -0.0135903, -0.556821, 0.602822, -0.189147, -0.0184166, 0.114533, 0.257767, 0.60852, 0.0219681, 0.0630851, -0.265459, 0.438498, 0.108566, -0.191695, -0.159415, -0.0355211, 0.542083, 0.640099, 0.206488, 0.27065, -0.661791, -0.552918, 0.00645834, 0.37237, -0.311056, -0.355747, 0.686483, 0.232524, 0.284082, 0.491264, -0.51833, -0.64374, -0.194305, -0.459088, -0.132767, 0.538708, -0.470964, -0.53194, -0.15888, -0.442152, 0.0803638, 0.154974, -0.664519, -0.615631, -0.613486, -0.0296591, 0.557735, 0.520566, -0.555978, 0.541523, -0.21021, 0.177135, 0.369112, 0.061673, -0.285587, 0.608584, 0.513653, -0.660843, -0.439573, -0.661314, 0.462498, -0.313387, -0.200666, -0.338828, 0.0673004, -0.213587, 0.197862, -0.559503, 0.0328161, 0.220758, -0.270857, 0.00529075, -0.327082, 0.4399, -0.552617, 0.305857, 0.360602, 
0.343493, -0.0798556, -0.444607, 0.457221, 0.0886902, -0.231996, -0.119649, 0.00863296, 0.159437, -0.400541, 0.463957, -0.195277, -0.241879, 0.486164, 0.520752, 0.598603, 0.139319, -0.580502, -0.179903, -0.0368271, 0.0663579, -0.53306, -0.450757, -0.416917, -0.537548, 0.0809907, -0.569752, -0.47826, -0.52158, 0.602209, 0.483597, -0.561778, 0.0967575, -0.324897, -0.448778, -0.158886, 0.546271, 0.28774, -0.0960346, 0.112522, 0.166086, 0.682119, -0.608566, -0.442959, -0.117871, 0.61191, -0.591937, -0.135871, 0.328086, 0.44048, 0.455604, -0.197053, -0.0463318, -0.0126902, 0.0900811, 0.102938, -0.671884, -0.368409, 0.520609, -0.424575, -0.654852, -0.147392, -0.284627, -0.0130222, 0.625279, 0.428617, -0.184605, 0.698107, -0.135812, 0.316135, 0.350042, -0.674112, 0.152735, 0.128188, 0.411338, -0.326446, -0.463405, 0.36635, -0.61817, 0.276877, -0.372825, -0.313029, -0.293673, -0.44208, 0.181847, 0.618069, 0.275854, 0.58549, -0.360913, 0.0628944, -0.0175046, 0.164276, 0.268866, -0.148489, 0.389584, -0.132868, 0.512785, 0.471845, -0.619407, 0.60752, 
-0.319937, 0.644858, -0.292147, 0.628003, 0.539233, 0.339438, -0.468166, -0.459584, -0.517998, 0.388752, 0.0259882, -0.534171, -0.1021, -0.564621, -0.0876282, -0.311064, -0.636456, 0.158454, 0.518496, -0.661998, -0.104029, -0.651876, -0.569679, 0.570469, -0.584364, -0.560709, -0.104028, 0.521106, -0.273161, -0.499709, 0.591964, 0.151058, 0.238707, -0.117319, -0.360972, -0.665791, 0.57097, 0.0143775, -0.131044, -0.543301, -0.476427, -0.621656, 0.0719571, 0.566809, -0.611718, -0.190853, 0.0170202, 0.381472, -0.447829, 0.180111, -0.280424, 0.339191, -0.160697, -0.338376, 0.0706499, -0.499359, -0.674786, 0.317042, -0.229234, 0.605348, 0.41082, 0.476375, -0.02738, 0.235416, -0.69325, 0.367138, 0.663034, 0.676928, -0.543852, -0.285067, 0.629026, 0.242349, 0.416228, -0.379703, 0.647511, 0.205145, 0.520373, -0.0241411, 0.307573, -0.181936, -0.68552, -0.35471, 0.157171, 0.0469696, 0.0163482, 0.576961, 0.052122, 0.036468, 0.0480176, 0.134484, -0.126261, -0.463484, -0.247841, 0.371136, -0.474685, -0.0481887, -0.498635, -0.224264, -0.271548, 0.507966, 
-0.367813, 0.272686, -0.0890617, 0.546032, -0.563035, -0.425227, -0.499074, 0.471189, 0.208041, 0.637062, -0.154394, -0.610093, 0.324801, 0.53789, 0.554126, 0.632219, 0.327045, 0.523884, -0.00132567, 0.392579, -0.342987, -0.0449213, -0.336628, 0.44896, -0.427667, -0.436047, -0.00296056, 0.359738, -0.650687, 0.525636, -0.350185, -0.372545, -0.215781, 0.612802, 0.0291504, 0.40885, 0.698904, 0.515682, 0.067234, 0.0898385, -0.0162607, -0.0516047, -0.669408, 0.433151, 0.0410357, 0.0117109, -0.391385, 0.243822, 0.042421, -0.634358, 0.195695, 0.579898, 0.21487, 0.484575, 0.395792, -0.5135, 0.30021, -0.409407, 0.336665, -0.414072, 0.519545, 0.0157937, 0.172938, -0.436417, -0.599749, 0.127363, -0.661721, 0.540937, 0.222678, 0.568151, -0.148553, -0.187567, 0.00675189, -0.029393, 0.577792, -0.132019, 0.181444, 0.637642, 0.105893, 0.0893735, -0.124255, -0.681318, -0.652462, 0.585921, 0.369474, -0.451452, -0.220371, -0.577715, -0.667208, 0.262111, 0.374737, -0.454708, 0.392951, 0.677698, -0.431522, 0.402793, 0.443394, -0.322858, 0.531653, 0.0311769, 
-0.353305, 0.695313, -0.0651767, -0.309008, 0.27433, 0.0989503, 0.474091, -0.00508028, -0.139894, -0.116384, -0.676379, -0.364723, 0.182504, -0.678348, 0.230385, 0.468152, 0.533114, 0.367862, -0.295739, -0.305881, 0.444528, 0.184314, -0.398778, 0.167745, -0.423569, -0.190128, -0.623096, -0.588185, -0.0936174, 0.541021, 0.306457, 0.475071, 0.490308, 0.184618, 0.578942, 0.35243, -0.199415, -0.383392, 0.0949321, 0.366564, -0.641415, 0.690624, 0.513757, -0.100636, -0.415827, -0.122801, 0.424289, -0.511923, -0.287793, -0.431267, -0.2679, -0.0730491, 0.0017947, 0.49969, -0.223127, 0.253344, 0.375042, 0.0920674, 0.458028, -0.119651, -0.057407, 0.0100594, 0.590452, -0.623095, -0.16414, 0.363682, -0.556028, -0.0384069, 0.21748, 0.328727, -0.218271, -0.341738, -0.265929, -0.506118, -0.399953, -0.386594, 0.150543, -0.521935, -0.49784, 0.550616, 0.50052, -0.0907049, 0.0219208, 0.277838, -0.137131, -0.468194, -0.378359, -0.619702, -0.189495, 0.174901, 0.35994, 0.333596, -0.413281, -0.4727, -0.0816571, -0.374062, -0.380523, 0.379601, 0.0697851, -0.157724, 
0.674793, -0.485732, 0.0737327, 0.696536, -0.156056, 0.0619234, -0.694766, -0.493818, -0.276775, -0.294455, 0.0368602, -0.364152, -0.304791, -0.294528, -0.195316, -0.0553379, -0.268858, -0.0117527, -0.531325, -0.581464, -0.690488, -0.456311, -0.26012, 0.525372, -0.338254, -0.381169, -0.531866, 0.165189, -0.667458, -0.362051, 0.654661, -0.677433, -0.0742677, 0.44577, 0.611655, 0.183357, 0.000549316, 0.547324, 0.257238, -0.458659, 0.255359, -0.628428, 0.15849, 0.504501, -0.465638, 0.362251, 0.285992, -0.432421, 0.145375, -0.264148, 0.520514, 0.0214153, -0.281858, 0.0320343, 0.439156, -0.0711752, 0.673385, -0.312902, -0.333471, -0.205688, -0.15376, 0.626437, -0.126813, -0.0808553, -0.320092, 0.616067, -0.533306, -0.0446922, 0.453783, 0.543292, -0.414491, 0.40502, 0.531569, -0.499107, 0.182257, -0.273446, -0.404439, -0.481256, 0.641333, 0.128579, 0.436278, 0.4044, 0.41471, -0.265174, -0.128734, 0.698462, 0.138095, 0.404733, 0.223436, -0.243422, 0.482989, -0.628567, -0.0274509, 0.193042, 0.421196, -0.655432, -0.44105, 0.679698, -0.0447077, 0.319383, 
-0.504271, -0.399381, 0.0133458, -0.346527, -0.551261, 0.628537, -0.410318, 0.0899251, -0.144372, 0.00967252, 0.381797, -0.182131, -0.0770771, 0.414291, 0.450695, 0.39026, 0.509579, 0.220333, -0.157149, -0.58895, 0.149625, 0.248885, -0.45255, -0.466014, -0.465269, 0.0177513, -0.323044, -0.0247629, 0.195329, 0.000889361, -0.313407, -0.17472, 0.0383015, 0.275242, -0.312475, 0.210159, 0.397937, 0.463242, -0.477095, 0.527379, -0.362558, -0.520728, 0.267103, -0.620842, 0.0499642, -0.271846, 0.168264, 0.601243, -0.696382, 0.392902, -0.580581, 0.539514, -0.470783, 0.110288, -0.342767, -0.0180412, -0.367317, 0.184225, -0.238234, -0.142869, -0.156951, -0.481851, -0.014179, -0.486509, -0.48842, 0.13245, 0.0268562, -0.333029, 0.356622, 0.491298, 0.489113, 0.0695403, 0.290665, 0.205706, 0.366034, 0.02662, -0.676098, -0.189607, -0.386083, 0.685523, 0.657588, -0.646169, 0.636713, 0.640936, -0.20051, -0.235588, -0.434768, 0.21683, -0.524433, 0.0889302, -0.0225458, -0.0856519, 0.674891, -0.345337, -0.194876, -0.0633029, 0.64744, -0.567367, 0.131976, 0.350603, 
-0.621491, -0.418771, 0.135067, -0.0738465, -0.0806345, 0.00647521, -0.460208, -0.488087, -0.608072, -0.0457233, -0.317821, -0.277255, -0.258237, -0.438141, -0.0862209, -0.665037, -0.32888, 0.543362, -0.972099, -0.633322, 0.431819, 0.12223, 0.142384, 0.223008, 0.511262, -0.599857, -0.220535, -0.30509, 0.110702, -0.107142, 
end
