stats : 
10, 3, 10, 10
input: 
-1, 1, 1, 1, 1, 1, 1, 1, 0, 0, 
output: 
-0.189039, -0.187973, -0.185408, 
hidden: 
-0.0577033, -0.0577033, -0.0577033, -0.0577033, -0.0577033, -0.0577033, -0.0577033, -0.0577033, -0.0577033, -0.0577033, 
-0.284335, -0.239363, -0.276734, -0.216491, -0.278881, -0.287354, -0.287263, -0.242068, -0.264726, -0.234995, 
0.288243, 0.293372, 0.36917, 0.288633, 0.279131, 0.435794, 0.256906, 0.272113, 0.4224, 0.439761, 
-0.488287, -0.500888, -0.519828, -0.297746, -0.439516, -0.273165, -0.277578, -0.258428, -0.50552, -0.229782, 
-0.212742, 0.00345497, -0.0673931, -0.00883333, -0.0519917, -0.0128282, -0.262499, -0.107446, -0.117562, -0.198491, 
0.114869, 0.146043, 0.326544, 0.274459, 0.117249, 0.311119, 0.141601, 0.220337, 0.266263, 0.103809, 
0.571269, 0.57976, 0.549849, 0.574742, 0.546157, 0.529418, 0.509695, 0.537383, 0.584263, 0.583616, 
0.0708498, 0.102907, -0.200154, 0.237246, -0.201907, 0.198687, 0.0463381, 0.112267, -0.291896, -0.353593, 
-0.579365, -0.571576, -0.256955, -0.373934, -0.40862, -0.471906, -0.573014, -0.496139, -0.29762, -0.224335, 
-0.0430147, 0.190718, 0.0515633, 0.221844, 0.23663, -0.0341113, -0.0153672, 0.188066, -0.0335227, 0.00557031, 
biases: 
-0.0577675, -0.255463, 0.41284, -0.480071, -0.147478, 0.237377, 0.616161, -0.0220186, -0.444982, 0.112386, 0.639605, -0.18813, 
weights: 
0.133508, 0.158683, -0.133513, -0.44186, 0.224454, -0.0207292, 0.314951, 0.32757, -0.308832, -0.60026, 0.606272, -0.58708, -0.595515, 0.28694, 0.252417, 0.255577, 0.34052, -0.118908, 0.553155, -0.198782, -0.571676, -0.320397, 0.128237, 0.355127, -0.41432, -0.0675417, -0.389434, -0.0079506, -0.291994, 0.577107, 0.203691, 0.486436, 0.554163, -0.21818, -0.377874, 0.439523, 0.552533, -0.666346, 0.333009, 0.324985, 0.391531, 0.625276, 0.269926, 0.17077, -0.0713331, -0.483055, -0.541568, -0.326032, -0.458795, -0.354527, 0.359014, -0.186821, -0.528257, 0.530213, 0.490954, 0.459818, 0.432615, -0.317192, -0.607149, 0.687943, 0.104238, -0.596331, 0.0661856, 0.0604334, -0.00976402, 0.390614, -0.111334, -0.679215, -0.110778, 0.398823, -0.658045, -0.0538623, 0.225761, -0.202904, -0.425599, -0.000239015, 0.640543, 0.515236, -0.0937722, 0.147731, 0.305311, 0.276171, -0.0707778, 0.432675, 0.153968, -0.0141062, 0.0584705, -0.258265, 0.64935, 0.330671, -0.401606, -0.456505, -0.328814, 0.675193, 0.388967, 0.519215, -0.453713, -0.0366501, -0.0352156, 0.336172, 
0.65002, 0.556621, -0.139821, -0.136171, -0.105098, 0.257945, 0.217215, -0.502632, 0.0594881, 0.455219, 0.580471, 0.545902, -0.685359, -0.30204, 0.0644301, -0.052066, -0.47723, -0.499128, -0.276149, 0.0123655, 0.0294699, -0.0883092, -0.256131, 0.0439286, 0.679201, 0.529594, 0.412774, -0.146634, -0.600402, -0.461331, -0.0973376, -0.570485, 0.152407, -0.41807, 0.570395, -0.594826, -0.390234, 0.00587833, 0.0199506, 0.00396079, -0.145842, 0.0472704, -0.0706989, -0.143463, 0.627948, 0.35678, -0.316855, 0.291513, 0.0170089, 0.648407, -0.644338, -0.169164, 0.247944, 0.0644449, 0.527248, -0.587768, -0.0519958, 0.558909, -0.395026, -0.472613, -0.00318831, -0.0845065, 0.627424, -0.3869, -0.612411, 0.329504, -0.605846, 0.125066, 0.194528, -0.0531955, 0.251772, 0.499055, 0.582298, -0.646125, 0.125975, -0.620374, 0.569879, 0.441653, -0.355403, -0.560104, 0.288986, 0.311295, 0.324611, -0.595913, 0.147648, 0.337098, 0.672292, 0.608082, 0.571076, 0.125335, 0.639988, -0.196938, 0.497012, -0.615052, 0.537332, 0.696958, 0.695243, -0.147176, 0.272456, -0.277155, 
-0.257347, 0.439619, 0.378956, -0.682007, -0.603906, 0.579567, -0.0953352, 0.471014, 0.0641677, -0.555479, -0.118018, -0.57874, 0.540038, -0.11464, 0.572412, -0.596833, 0.0856668, 0.629219, 0.170434, -0.299556, -0.250252, -0.22313, 0.00596517, 0.415394, -0.485502, 0.169593, -0.307377, -0.247371, -0.405992, -0.183859, 0.140519, 0.66296, 0.11409, 0.39713, 0.506839, -0.3434, 0.0503765, -0.517074, -0.667836, 0.540382, -0.0733775, -0.250268, 0.0777609, 0.104911, 0.0985624, -0.162819, 0.568623, -0.264243, -0.4621, 0.572969, -0.0413432, -0.267019, 0.279911, 0.646332, -0.293251, 0.535564, 0.00969726, -0.38647, -0.192234, 0.626855, 0.195146, 0.345852, -0.0122352, 0.670415, -0.17926, -0.0511711, 0.61202, -0.421315, 0.629021, -0.588004, -0.433723, 0.589467, 0.623548, 0.632527, 0.382132, 0.179295, -0.236041, 0.48464, -0.51875, -0.338028, -0.124901, -0.12808, 0.456578, 0.419491, -0.0866835, 0.0627726, -0.580278, 0.409018, 0.34375, 0.430372, 0.494444, 0.470601, 0.107995, 0.492632, 0.53661, -0.230588, 0.638514, 0.568932, -0.160724, -0.251467, 
0.560866, -0.0389277, 0.0902638, -0.0133315, 0.393675, 0.503306, -0.560075, -0.145007, -0.140083, 0.0840687, -0.184943, 0.429651, 0.487758, -0.405061, -0.327107, 0.375776, -0.611592, -0.567103, 0.00277036, 0.268121, 0.667526, 0.468697, 0.679844, -0.519566, -0.456224, -0.00175679, 0.564437, 0.471583, 0.629945, -0.66161, 0.038656, 0.163241, 0.0675917, 0.0351418, -0.58005, -0.572711, -0.110954, 0.0385949, -0.572852, 0.372279, 0.00649816, 0.430424, 0.3802, 0.600467, -0.399413, -0.6249, 0.697341, 0.272193, 0.274381, -0.569789, -0.267951, 0.31943, 0.58539, -0.455064, 0.687612, 0.344057, 0.383065, -0.0155879, -0.211075, -0.092373, 0.234259, 0.671395, 0.520946, 0.0339181, 0.26718, 0.0120918, 0.566909, 0.360886, -0.509524, 0.0909788, -0.195987, 0.190743, -0.0995715, 0.573416, -0.0143623, -0.691342, 0.474585, 0.17379, 0.441987, 0.381798, 0.596588, -0.534196, 0.185416, 0.396675, -0.0395457, 0.164987, -0.156792, 0.251374, -0.143675, 0.405619, -0.122196, -0.160133, -0.218374, 0.393458, 0.0191923, 0.454317, 0.443459, 0.490376, -0.174235, 0.559649, 
0.0115424, 0.503128, -0.376649, -0.0804617, -0.262338, 0.330551, 0.577818, -0.547723, -0.129185, -0.099969, 0.565755, 0.219272, 0.66365, -0.0616879, 0.0406294, -0.613569, 0.492212, 0.0260698, -0.316598, -0.0146769, 0.33739, -0.277096, -0.420587, -0.174001, 0.00900143, 0.222606, -0.207865, -0.539504, 0.157881, 0.126174, -0.377353, 0.699209, 0.0930553, 0.550403, 0.156542, -0.601076, -0.12939, -0.162576, 0.316727, 0.398582, -0.399432, -0.341842, 0.40802, 0.238436, -0.227233, 0.296064, 0.430335, 0.678835, -0.225871, -0.445403, -0.261206, -0.0360299, 0.680872, -0.592145, -0.0298891, 0.226677, 0.0480797, 0.366035, 0.348043, -0.1393, -0.384829, 0.0898715, 0.687595, -0.468931, 0.596897, 0.693632, -0.381607, -0.601752, 0.580766, -0.294369, -0.0198237, 0.495124, 0.603004, 0.606158, 0.348051, -0.511487, 0.267008, 0.421692, 0.252347, 0.566417, 0.0672681, 0.349656, -0.479937, 0.353809, 0.455199, -0.40073, 0.25601, -0.438961, -0.124784, -0.368467, 0.298382, -0.656853, -0.348081, -0.603374, -0.415348, -0.585986, 0.527945, -0.172407, -0.127817, 0.233627, 
0.476405, -0.157818, 0.108771, -0.481557, -0.670339, -0.221314, 0.154228, -0.193284, 0.536671, 0.0513483, 0.424964, 0.631373, 0.322805, 0.267734, 0.257893, -0.232861, -0.356576, -0.582168, -0.377713, 0.173405, 0.54978, -0.357359, 0.240629, -0.169243, 0.360817, -0.0536536, 0.111283, 0.105873, -0.0883296, 0.0576807, -0.0809122, -0.209743, -0.30343, -0.516168, -0.673218, -0.445814, -0.491571, -0.321099, -0.0468752, 0.52727, -0.0221348, -0.43211, -0.420934, 0.261612, 0.617, -0.256211, 0.657385, 0.460283, 0.647696, -0.280848, 0.322188, -0.611839, 0.304775, 0.00921774, 0.169757, 0.507246, -0.674039, 0.00175589, 0.325885, 0.584804, 0.536753, 0.399408, -0.0631371, -0.456569, 0.451629, 0.109045, -0.139826, -0.429483, -0.385636, -0.129999, 0.0173782, 0.38221, 0.317257, 0.623165, 0.0176614, -0.697667, 0.603, -0.115465, -0.0010035, 0.37161, -0.221309, -0.238599, -0.413806, 0.565072, -0.0611613, -0.0385273, 0.0856864, -0.24781, 0.356277, 0.476226, 0.614628, 0.454842, -0.511747, -0.223198, 0.602478, -0.42524, 0.477692, 0.0673441, -0.178649, 0.671027, 
-0.287285, -0.556662, 0.689611, 0.264057, 0.375759, 0.401153, 0.107152, 0.659391, 0.600185, 0.178204, 0.167983, 0.0925132, -0.0527615, 0.667847, -0.0586122, 0.554148, 0.0617571, -0.597556, -0.134857, 0.0126103, 0.503814, 0.648576, -0.11192, 0.50031, -0.39253, -0.00337809, -0.192071, 0.478206, -0.539873, -0.10506, 0.232265, 0.668853, -0.179646, 0.471571, 0.177145, 0.624009, -0.647775, -0.111992, 0.605842, -0.261955, -0.694961, 0.159395, 0.56237, -0.625261, -0.213406, -0.601915, -0.579595, -0.16357, 0.359309, 0.435582, 0.512882, -0.283216, 0.188114, -0.395089, 0.107772, 0.48153, 0.359156, 0.339997, -0.573278, 0.544958, -0.108465, 0.466499, -0.0245067, 0.303715, 0.691357, -0.373409, 0.598722, 0.384528, -0.282892, -0.0144994, 0.079173, 0.260356, -0.649575, -0.147738, 0.354549, -0.391036, 0.493098, -0.18975, -0.40514, -0.124415, -0.127161, -0.0676262, -0.157351, 0.465833, -0.492337, -0.00488275, -0.256799, -0.646466, -0.621163, -0.653197, 0.32023, 0.442545, 0.0193049, 0.370043, -0.0315344, -0.258415, -0.518689, -0.151163, 0.508148, 0.498682, 
-0.184808, -0.197682, -0.187392, 0.362003, 0.22515, 0.0239263, -0.052927, 0.551525, -0.0118589, -0.289248, 0.557512, 0.411902, 0.562237, -0.0200632, -0.68159, 0.147988, 0.448264, -0.319423, -0.63751, -0.316566, 0.276426, -0.477583, 0.662348, 0.196274, 0.469281, 0.415763, 0.397997, -0.0159053, 0.351369, 0.539612, 0.383295, -0.581573, -0.231872, 0.0785511, -0.0882837, -0.268857, -0.0717514, 0.572289, 0.299444, -0.0817957, -0.34556, 0.237324, 0.0713111, -0.230671, 0.00188649, -0.479159, -0.376624, 0.102123, -0.427893, 0.439527, -0.123217, 0.224684, -0.54998, 0.35297, 0.365546, -0.180397, 0.195304, -0.214766, 0.239344, 0.342432, 0.606896, -0.532534, -0.185046, -0.0555399, 0.340074, 0.0900782, 0.144382, 0.564961, 0.374853, -0.0296756, -0.0550415, 0.133079, 0.204093, 0.0710841, 0.231921, 0.675096, 0.526991, 0.0621695, -0.500694, -0.604381, -0.0561764, -0.588556, 0.172543, 0.470985, -0.412267, -0.457964, -0.275768, 0.630311, -0.384307, 0.0388809, 0.15933, 0.214681, -0.30992, 0.452135, -0.31305, 0.382758, 0.117183, 0.230907, -0.477402, -0.595469, 
0.569204, -0.173316, -0.55899, 0.476708, 0.580538, -0.514101, -0.611378, 0.339097, 0.172437, -0.0035848, 0.262064, 0.473338, -0.514547, 0.351315, 0.573304, 0.414717, 0.683588, -0.32761, -0.609856, -0.00733411, -0.435021, 0.473878, 0.109854, 0.608758, 0.61125, 0.265999, 9.49502e-05, 0.667931, 0.0400906, -0.459832, -0.562905, -0.0595921, -0.440362, -0.621419, -0.428594, -0.217636, -0.0182537, -0.332083, -0.29653, 0.177667, -0.270516, -0.623351, 0.256042, 0.644509, -0.36937, 0.157162, 0.070206, -0.0648515, 0.682964, -0.540978, -0.512736, 0.454309, 0.1835, -0.213293, 0.684833, -0.113502, -0.668591, -0.495518, -0.285372, 0.0979605, -0.584514, -0.239199, -0.100519, 0.02749, 0.0711346, -0.134375, 0.680461, -0.445705, 0.657141, 0.658756, -0.305799, -0.374507, 0.0253695, 0.159214, 0.376827, 0.592986, 0.659794, -0.173071, -0.00426096, 0.624933, 0.583864, 0.657379, 0.225963, 0.405991, 0.157822, -0.490524, -0.60295, 0.410999, -0.277332, 0.317127, 0.612352, 0.579418, -0.515105, -0.147044, -0.0311921, 0.191003, 0.585464, 0.280517, -0.390494, -0.613041, 
0.541988, 0.0266845, -0.637269, -0.579682, 0.569922, -0.29803, -0.00823277, -0.134375, 0.588153, 0.413418, -0.312056, 0.513205, -0.506701, -0.521805, 0.0530702, -0.147694, -0.601302, 0.392206, 0.0402899, -0.481156, -0.0301236, 0.308818, -0.278842, 0.134425, -0.369452, 0.694013, 0.179547, -0.525312, -0.419798, -0.245746, 0.148196, 0.153659, 0.0460343, 0.500461, -0.645467, 0.396704, 0.0446067, 0.685489, -0.347079, -0.287953, -0.667514, -0.667113, 0.262729, -0.210948, -0.306618, 0.237803, -0.213078, 0.237945, -0.00105649, -0.622881, -0.284707, -0.670265, -0.433045, -0.0216817, -0.649592, 0.124692, -0.436328, -0.463502, -0.076584, 0.16757, -0.603917, 0.311202, -0.547108, -0.0969319, -0.629702, -0.349521, 0.547023, 0.407117, 0.0205425, 0.0315899, 0.0905939, -0.521459, -0.447871, -0.279847, -0.0595194, 0.336259, -0.366453, -0.142617, 0.378791, -0.022012, -0.0735098, -0.603652, -0.109519, -0.425012, -0.469837, 0.100818, 0.469704, 0.12621, -0.574343, 0.554552, 0.692837, -0.359712, 0.270921, -0.50464, -0.574208, 0.65309, 0.569482, -0.34745, 0.650463, 0.476145, 
0.534883, 0.240535, -0.657899, 0.149441, -0.680358, -0.114639, -0.168557, -0.568655, -0.127009, -0.56672, -0.504542, 0.0352712, 0.589924, -0.367623, 0.343692, -0.0596414, -0.663436, 0.0708849, -0.594289, -0.0705298, -0.435886, 0.527265, -0.613126, 0.397542, 0.118744, -0.239786, -0.548671, 0.0736547, 0.601317, 0.203406, 0.619033, 0.584258, -0.111205, -0.600358, -0.0689361, 0.511272, 0.528958, -0.375919, 0.636414, 0.0133139, 0.410209, -0.432678, -0.226578, -0.249235, -0.39302, -0.521508, 0.674858, 0.0542321, -0.252241, -0.0358797, 0.180405, 0.0613574, 0.317594, -0.282517, -0.643646, 0.220113, 0.326929, 0.370582, 0.504736, -0.26847, -0.61055, 0.445079, 0.143312, -0.356337, -0.258167, -0.269073, -0.302316, 0.185886, 0.188619, -0.0645918, -0.0790105, -0.254053, -0.528419, 0.165464, 0.643292, -0.531399, -0.551947, 0.113771, 0.447484, -0.567543, 0.0793267, -0.63674, -0.0634329, -0.00406539, -0.287694, 0.157639, -0.23354, -0.573403, 0.660304, 0.376237, 0.11682, 0.35188, -0.0586896, -0.587981, -0.439846, -0.00115949, 0.543741, -0.666836, 0.0497517, 0.556319, 
-0.511905, -0.691536, 0.599277, -0.669905, -0.594314, -0.380834, -0.0916469, -0.0279835, 0.554154, 0.022304, -0.468719, -0.270077, 0.646836, 0.0361155, 0.118229, 0.535285, 0.0540822, 0.0316192, 0.498584, -0.60296, 0.0560401, 0.346557, 0.437044, 0.26906, 0.467539, -0.0922236, 0.598297, -0.576324, -0.377937, 0.0991411, 
end
