stats : 
10, 3, 10, 10
input: 
-1, -1, 1, -1, 1, 1, 1, -1, 0.989057, 0.999691, 
output: 
0.201813, 0.340335, 0.199865, 
hidden: 
-0.129825, -0.285211, -0.126224, -0.636344, -0.324429, -0.536877, -0.589057, -0.437305, -0.291241, -0.3986, 
0.155176, 0.0727892, 0.417652, 0.463192, 0.317211, 0.259068, 0.352641, 0.0400504, 0.191776, 0.0675847, 
0.412055, 0.39248, 0.455394, 0.399836, 0.415087, 0.419252, 0.434546, 0.430601, 0.412491, 0.387035, 
0.210322, 0.467292, 0.417747, 0.360825, 0.460579, 0.511979, 0.197443, 0.363871, 0.209445, 0.264879, 
-0.0775999, 0.074953, -0.176568, -0.149297, 0.0271037, -0.061087, -0.205933, 0.056996, -0.0829849, -0.0493145, 
0.119381, 0.112388, 0.134785, 0.131657, 0.155742, 0.173385, 0.172686, 0.118011, 0.141994, 0.154115, 
0.310402, 0.423375, 0.383022, 0.44902, 0.403664, 0.460631, 0.351678, 0.463296, 0.399213, 0.365239, 
-0.435344, -0.561101, -0.397101, -0.229804, -0.331771, -0.301622, -0.481522, -0.328381, -0.500207, -0.248178, 
-0.519428, -0.512774, -0.512651, -0.562424, -0.54146, -0.617286, -0.483271, -0.542776, -0.569182, -0.666579, 
0.446654, -0.0540069, 0.668076, 0.518477, -0.0504765, 0.302186, 0.681879, 0.554126, 0.351424, 0.286548, 
biases: 
-0.663636, 0.298658, 0.445194, 0.459957, -0.0507573, 0.144526, 0.411282, -0.386615, -0.666862, 0.404897, -0.369284, 0.293038, 
weights: 
-0.461487, 0.00154668, -0.345053, -0.125795, -0.413302, -0.3623, 0.00596344, -0.340979, -0.529351, 0.474322, -0.316965, -0.253192, -0.265104, -0.666642, -0.492968, -0.0859501, 0.673504, -0.247299, -0.551244, -0.443001, 0.392446, -0.552616, -0.65729, 0.105162, -0.173413, 0.526434, -0.0271807, -0.206619, 0.0843993, -0.460458, -0.565344, -0.323945, -0.515707, -0.53998, 0.640749, 0.583325, 0.380579, -0.087823, -0.192217, 0.1224, -0.246945, 0.669344, 0.694259, -0.462129, 0.59627, -0.183498, -0.186961, -0.230357, 0.425846, -0.0671297, 0.512383, 0.197535, -0.364866, 0.0627798, 0.489782, 0.191002, 0.282115, -0.359593, 0.224998, -0.198363, 0.686487, -0.172149, 0.299076, 0.429854, -0.229831, 0.375217, -0.619021, -0.0366644, -0.0759509, 0.365886, 0.489388, 0.333144, 0.452949, -0.64869, -0.458064, 0.615259, 0.6056, 0.577764, 0.550063, -0.392473, -0.632795, 0.169947, -0.0345605, -0.428438, 0.0970777, 0.0100161, -0.141611, -0.465997, -0.112415, 0.636836, 0.53324, 0.370405, 0.536901, -0.0883973, 0.327148, 0.0638991, -0.0125887, 0.194803, 0.363827, 0.241728, 
0.555395, -0.16242, -0.00487834, -0.101362, -0.399095, 0.370779, -0.499515, -0.355619, -0.177931, -0.45459, 0.48227, 0.696425, 0.221977, 0.578337, 0.369185, -0.487161, -0.046599, -0.597844, -0.230368, 0.416317, -0.549367, -0.231571, 0.452551, 0.593166, 0.418958, 0.418172, 0.323035, 0.19181, -0.370928, -0.471806, -0.690526, 0.487913, 0.264291, -0.0298899, -0.46299, 0.519063, 0.174335, -0.538242, 0.493601, 0.269591, -0.237094, 0.211629, 0.0810016, -0.495588, -0.526516, -0.570998, 0.460013, 0.219073, -0.0425286, -0.107559, 0.137284, -0.125712, -0.0206057, -0.210261, 0.199428, 0.409084, -0.691266, -0.553554, -0.0531201, -0.417612, 0.0972906, 0.35153, -0.124944, -0.50529, -0.407107, 0.439372, -0.0898138, -0.38538, 0.343765, 0.61162, 0.302254, 0.451182, -0.466815, 0.581777, -0.355109, 0.374421, 0.103073, 0.000152349, -0.103074, 0.228199, 0.30111, -0.0224624, -0.0875403, -0.0453976, 0.69317, 0.482034, 0.369865, -0.32817, -0.307118, 0.0315866, 0.356796, 0.566333, -0.36675, -0.508554, -0.074973, 0.0841674, -0.17511, 0.648738, 0.262111, 0.579455, 
0.602543, -0.279715, 0.614281, 0.406443, -0.156273, -0.639542, 0.474598, 0.0478885, 0.628533, -0.638203, -0.622684, -0.50476, 0.369055, 0.141257, -0.478471, -0.24163, -0.0620478, -0.0390754, 0.0614547, -0.143221, 0.69772, -0.405261, 0.659191, -0.306819, 0.336974, 0.0863834, -0.655038, 0.558577, -0.28307, 0.697971, 0.571435, -0.0746804, 0.154943, -0.510672, -0.379258, 0.335558, -0.425647, -0.547133, -0.0525551, 0.371455, -0.437596, -0.0197201, -0.227947, 0.633038, -0.174632, 0.416089, 0.242316, -0.459415, -0.507077, -0.144018, 0.0933731, 0.0701998, 0.298218, 0.633266, 0.659403, -0.0857877, -0.370685, 0.678567, 0.203155, -0.107189, -0.28408, -0.190034, 0.114365, 0.424945, -0.16207, 0.101884, 0.305157, -0.38357, -0.122689, -0.575543, -0.232447, -0.602985, -0.509785, -0.484166, 0.546955, -0.448767, -0.455861, 0.171186, 0.131521, -0.115716, 0.196844, 0.494633, -0.389594, -0.397426, -0.484224, -0.557426, -0.270754, 0.373209, 0.233585, -0.337397, -0.105192, -0.450771, 0.684932, -0.321674, -0.051075, 0.0235271, 0.30028, 0.228464, -0.0974289, -0.545774, 
0.283237, 0.0746225, 0.395839, -0.244439, -0.617805, -0.562899, -0.0992445, -0.313529, 0.611878, -0.319935, -0.423751, 0.234291, -0.161268, -0.355778, 0.360846, 0.499045, 0.395725, -0.287611, 0.0757592, -0.661023, -0.653844, -0.421125, -0.426768, -0.612258, 0.151511, 0.501772, 0.553757, 0.418973, -0.162348, -0.109729, -0.273099, 0.0670411, -0.371319, -0.275242, 0.290203, 0.187681, 0.588869, 0.552032, -0.290662, -0.628185, -0.637892, 0.46218, 0.497925, 0.00869036, 0.160359, 0.540992, -0.447228, 0.663564, 0.0189115, -0.434603, 0.463507, 0.458864, -0.19857, -0.45192, -0.342946, -0.192951, 0.153457, 0.139458, 0.438965, -0.246823, 0.135888, -0.543613, -0.198848, 0.284688, 0.232753, 0.442862, -0.568404, 0.519483, 0.272667, -0.661277, -0.485954, -0.346034, 0.00667077, 0.243912, 0.16038, 0.514893, -0.0379728, 0.0747808, 0.0548481, 0.561849, 0.286166, -0.215575, 0.496433, 0.29161, 0.332468, 0.341905, -0.298226, -0.480358, -0.100014, -0.383878, -0.63676, 0.120513, -0.0387486, -0.212184, 0.0984122, 0.272461, -0.67148, -0.203125, -0.639131, -0.487316, 
0.607287, -0.391613, 0.149968, 0.395028, 0.00640529, -0.592113, 0.145397, 0.0613344, -0.545848, -0.640773, -0.36889, -0.428877, -0.108909, 0.0290529, 0.250927, -0.206896, 0.463496, -0.660142, -0.4834, -0.632691, 0.603089, 0.54041, -0.424572, -0.180752, -0.437549, -0.180309, -0.286984, 0.0767097, -0.13203, 0.299611, 0.436656, 0.0808311, 0.632685, 0.484446, -0.23875, 0.53223, -0.0242521, 0.229505, 0.176627, -0.271618, -0.167828, 0.270275, 0.511763, -0.6626, -0.642879, 0.546984, 0.175915, -0.4979, 0.475421, 0.579673, -0.341096, -0.388196, 0.412472, 0.406869, -0.256663, 0.46809, 0.272142, 0.567437, 0.64221, -0.0391514, -0.404338, 0.324116, -0.28229, 0.186306, 0.55672, 0.683417, 0.600589, -0.536642, 0.256458, 0.669547, -0.915091, -0.361724, 0.476544, 0.0693299, -0.619844, -0.36111, -0.0206113, 0.292403, 0.0612057, 0.686217, -0.168327, 0.543813, -0.192907, 0.108895, -0.630843, 0.372116, -0.0760598, 0.287796, -0.261849, -0.29681, -0.101929, 0.475127, -0.482036, -0.376263, 0.293974, -0.0392854, -0.597116, 0.407035, -0.122391, 0.00529575, 
0.609348, 0.610195, -0.463621, 0.698288, 0.531089, -0.41643, 0.445652, -0.102966, -0.519891, -0.174872, 0.0257882, -0.524383, 0.579842, 0.563408, -0.538535, -0.45926, 0.455452, 0.422906, -0.0490836, -0.465219, -0.300677, 0.66369, 0.218132, 0.565372, 0.511187, -0.532701, 0.353251, 0.00035423, -0.382377, -0.144673, 0.153124, -0.471868, -0.519881, 0.180899, 0.415011, 0.027621, 0.124644, -0.478656, 0.457134, -0.400367, 0.332534, 0.548101, -0.219602, 0.690725, -0.427876, -0.31679, -0.282574, -0.124503, -0.409703, -0.860669, 0.524056, 0.693912, 0.366146, -0.667124, 0.0841312, -0.645751, -0.646578, 0.334478, -0.4019, 0.514484, -0.127005, 0.106508, -0.40215, 0.0920077, 0.637221, 0.494703, -0.0227304, -0.434728, 0.247344, 0.460138, 0.64466, -0.34736, 0.0168027, -0.612642, 0.475243, -0.181299, -0.667167, -0.361369, 0.275575, 0.0340716, -0.237316, 0.491515, -0.437164, 0.217561, -0.097573, -0.541505, -0.516589, -0.334367, -0.605614, 0.578092, 0.498288, 0.642009, 0.180791, 0.245354, -0.253353, -0.621095, -0.606484, 0.526466, 0.0317391, -0.219544, 
0.644191, -0.662099, 0.456332, -0.448727, -0.0215338, 0.119782, 0.412213, -0.621539, -0.305732, 0.34317, -0.597949, 0.32134, 0.199006, -0.314577, 0.410191, 0.468327, 0.589538, 0.314614, -0.00298905, 0.539747, 0.080278, -0.0105748, -0.255259, -0.586271, 0.335949, 0.410373, 0.447131, 0.615835, 0.692192, 0.515937, -0.369498, 0.0267661, -0.525671, -0.177708, -0.353753, -0.283671, -0.0278987, 0.217347, 0.641326, -0.536607, 0.458265, -0.354085, 0.08607, 0.0720388, 0.374477, 0.483437, 0.405254, -0.6487, -0.662668, 0.582237, -0.133219, 0.692905, 0.304281, 0.339812, -0.228931, 0.695242, -0.138528, -0.488072, 0.0969974, -0.543773, -0.204306, -0.417699, -0.168569, 0.210792, -0.641655, 0.392452, -0.0215593, -0.468501, 0.278375, -0.0650029, 0.386716, -0.154584, 0.663333, 0.421706, 0.184455, 0.634031, 0.266941, -0.658681, 0.107437, -0.390483, 0.201602, 0.478822, -0.41644, -0.607608, 0.697252, 0.188276, -0.0255011, -0.260212, -0.149444, -0.621466, -0.58587, 0.262893, -0.0498655, 0.468417, 0.108599, 0.563416, -0.285014, 0.585394, 0.0741686, -0.18404, 
0.111764, 0.683224, 0.217411, -0.452061, -0.0774003, -0.555963, -0.66688, 0.632479, 0.345137, -0.189049, -0.168747, -0.359207, 0.416767, 0.335102, -0.0647531, -0.69111, -0.259212, -0.553958, 0.651182, 0.353572, 0.0911903, 0.60578, 0.433373, 0.582345, -0.692684, -0.467496, -0.353677, -0.143586, 0.323551, 0.421421, 0.270112, -0.295232, 0.325855, -0.391196, 0.232089, -0.387701, 0.215878, -0.0835466, -0.362266, -0.0551741, 0.159911, -0.693609, -0.626329, -0.2628, 0.432885, -0.504511, 0.192078, 0.397015, 0.368781, -0.359583, 0.291326, -0.228943, -0.391994, 0.466165, 0.0694139, -0.665294, 0.408075, -0.032173, -0.142882, 0.145971, 0.141454, -0.635658, 0.295551, -0.0116224, 0.54287, 0.215674, 0.494704, -0.521067, 0.680917, -0.438572, 0.648155, 0.674179, -0.175284, -0.00423336, 0.426554, -0.629181, 0.535306, -0.680434, 0.553638, 0.649828, -0.299146, -0.172778, -0.165431, 0.0704854, -0.367869, 0.117541, -0.460228, 0.279998, -0.518344, -0.0927581, -0.218642, -0.678523, -0.0919613, 0.417898, 0.114442, 0.206198, -0.378789, 0.124857, -0.446194, 0.364541, 
-0.413384, -0.179592, -0.324729, 0.483533, -0.601291, -0.435406, 0.24403, 0.156247, 0.55335, 0.0283419, -0.256141, -0.212607, 0.175791, -0.690869, -0.637281, -0.387572, -0.0375673, -0.475623, -0.486565, -0.43929, 0.457236, 0.0503137, 0.215747, -0.579658, -0.379214, 0.538471, -0.555797, 0.351382, -0.133025, 0.032256, 0.441444, -0.626407, 0.625297, -0.621336, -0.403356, -0.556521, 0.0549446, 0.528728, 0.182785, 0.473105, -0.122852, -0.549283, -0.0400447, 0.0400996, 0.441821, -0.375063, -0.274328, 0.502928, -0.171755, -0.149045, -0.691598, -0.246449, -0.346934, -0.212412, 0.299019, -0.297328, 0.146527, -0.384428, 0.412819, -0.598713, 0.101007, 0.161767, 0.311726, -0.294264, 0.065487, -0.13388, -0.241239, -0.0152836, 0.6903, -0.154893, -0.318787, 0.00646383, 0.348653, -0.578504, 0.15345, -0.53295, -0.618217, -0.314089, 0.337426, 0.25608, 0.616734, 0.178175, -0.4874, -0.203854, 0.00157797, -0.639113, 0.640172, 0.503077, 0.54414, -0.0761998, -0.367905, -0.404454, -0.405124, -0.122855, -0.244354, 0.216566, -0.562575, -0.236843, -0.0828074, 0.55484, 
0.0562857, -0.0370787, -0.672095, 0.649545, 0.257533, -0.0593419, -0.481809, -0.52786, -0.0283495, -0.602383, 0.231389, 0.423351, -0.131463, -0.0777203, 0.68477, 0.38014, 0.334297, 0.0866081, -0.485365, -0.549562, 0.308976, -0.458008, 0.0437536, 0.636464, 0.650057, 0.470609, 0.353849, -0.278484, -0.605276, 0.583158, -0.298617, 0.116272, 0.191749, 0.558456, 0.116016, 0.670224, 0.401116, -0.632407, 0.0581197, -0.463351, -0.348087, -0.385577, -0.48947, -0.578385, 0.68309, -0.216205, 0.453496, -0.513728, 0.0698566, 0.561256, -0.617526, 0.0686787, 0.528723, -0.470775, -0.0774968, -0.79778, -0.435839, -0.281311, -0.33423, -0.5942, 0.293732, -0.623146, -0.178551, 0.440221, -0.0109946, 0.504014, 0.384401, -0.649104, -0.321597, 0.669089, -0.289875, 0.071336, 0.118664, 0.407366, -0.225603, 0.0764265, 0.384655, -0.218689, 0.0927809, 0.423219, 0.141543, -0.13105, -0.177879, -0.270423, 0.34674, -0.102933, 0.153716, 0.318039, -0.0314277, -0.483032, -0.113438, 0.688525, -0.603624, -0.254071, 0.683214, 0.139477, -0.641665, -0.329173, 0.0567514, 0.165165, 
-0.292383, -0.457355, 0.522605, 0.258656, 0.632628, 0.00564885, -0.348385, 0.311429, -0.520186, 0.0740452, 0.0406005, 0.509668, -0.104937, 0.197766, 0.143916, -0.503955, 0.184506, -0.266563, -0.30613, -0.603066, 0.451035, -0.203103, -0.071933, -0.285977, -0.233293, -0.0567535, -0.627829, -0.477453, 0.314731, -0.0932682, -0.301669, 0.177541, 0.400566, -0.397697, 0.268686, -0.243804, 0.241182, -0.00773752, -0.330118, 0.263848, 0.196748, -0.121348, 0.27688, -0.190033, -0.0474386, 0.139948, 0.209513, -0.471484, 0.393144, -0.548868, 0.180463, -0.151348, 0.561832, 0.0567726, 0.126806, -0.0340311, 0.665239, -0.356106, -0.0246126, -0.495675, 0.40847, -0.358007, 0.471901, 0.214193, 0.144377, 0.13563, -0.162131, 0.642659, -0.30472, 0.608548, -0.170607, -0.509206, 0.0570756, 0.519319, 0.0112147, 0.329183, -0.151162, 0.622945, 0.397097, 0.0327117, 0.551155, 0.174074, 0.329316, 0.228963, -0.493584, -0.581276, 0.597025, -0.268934, -0.328206, -0.482437, -0.210094, -0.130188, -0.0676354, -0.103552, 0.534782, -0.477011, 0.391744, 0.367495, -0.20802, 0.228585, 
0.524613, 0.367516, 0.31649, 0.276503, 0.410225, -0.326154, 0.487389, -0.44653, 0.102068, 0.243407, -0.907432, 0.115943, 0.301336, 0.19982, -0.371985, 0.219236, -0.0585079, -0.109977, 0.276866, -0.639155, -0.103138, -0.355722, 0.27217, -0.000270724, -0.598916, 0.372344, -0.427069, -0.308557, 0.214392, -0.315642, 
end
