stats : 
10, 3, 5, 5
input: 
1, 1, 1, 1, 1, 1, -1, 0.972782, -0.901374, 0.410084, 
output: 
-0.174065, 0.0643298, -0.0709479, 
hidden: 
-0.549478, 0.539564, -0.178739, 0.119896, -0.21258, 
-0.0486568, -0.408564, 0.41656, -0.0819517, -0.557443, 
-0.310966, -0.49132, -0.0611061, -0.137597, -0.172614, 
-0.369727, -0.140384, -0.174658, 0.298934, -0.132255, 
0.0760168, 0.101854, 0.0356797, 0.336802, 0.164986, 
biases: 
0.185907, -0.167293, -0.089237, -0.0546578, 0.0904189, -0.199657, -0.116967, 
weights: 
-0.123232, 0.090901, -0.193681, 0.0181547, -0.103332, 0.0575899, 0.110039, -0.114168, 0.00634518, -0.0178032, -0.11342, 0.0735654, -0.127768, -0.0941856, -0.159985, -0.177905, 0.112893, 0.0706658, 0.0135383, 0.110371, -0.0641101, 0.197099, -0.183141, -0.0504957, -0.15434, 0.037062, -0.052233, 0.0941303, 0.169933, -0.151792, 0.0720395, -0.00852345, -0.0751163, 0.179923, -0.142497, -0.167627, 0.048751, -0.0565967, -0.146958, -0.17282, 0.114493, 0.182941, -0.0500111, -0.146484, -0.104757, -0.198057, -0.0138528, 0.0542244, 0.15149, 0.0153514, 
-0.169413, 0.294015, -0.824723, 0.0648158, -0.0388875, 0.0292608, -0.100589, 0.08963, -0.00793785, -0.964251, 0.175405, 0.165231, -0.198245, 0.18896, -0.179302, 0.548588, -0.18206, -0.898335, -0.148953, -0.153965, 0.116197, -0.00280984, -0.854078, -0.83116, -0.110529, 
0.191054, -0.0327852, -0.252173, 0.138989, 0.146337, 0.189451, 0.971275, -0.169781, -0.0597985, 0.59458, -0.0748413, 0.0956254, -0.181812, 0.0122165, 0.150889, 0.0392985, 0.000724912, -0.686643, 0.140686, -0.045799, 0.199629, 0.167019, 0.0612036, 0.108472, -0.176366, 
0.184463, 0.1087, 0.0822809, -0.0607645, -0.101108, 0.511326, 0.146525, 0.105695, -0.738125, 0.163268, 0.376223, 0.0343521, 0.120871, -0.180457, 0.203477, -0.00120816, -0.16758, 0.147344, -0.0284196, 0.0510584, 0.0118131, 0.0105789, 0.0963567, 0.19397, 0.0587509, 
0.124419, 0.0336643, 0.190709, -0.363366, 0.510552, 0.00927393, 0.0199743, 0.0248178, 0.038899, -0.697916, -0.0779485, -0.113971, -0.119004, -0.145143, -0.752146, 0.113924, -0.0207602, 0.0700611, 0.0924809, 0.125311, 0.110561, -0.10087, 0.169811, -0.591135, 0.0147444, 
0.0818605, 0.486622, -0.107836, 0.0556299, -0.0889913, -0.0605912, -0.0439092, 0.0838677, -0.0343442, -0.0921778, 0.465848, 0.148591, 0.173284, -0.0258837, 0.98321, -0.0793749, -0.0439537, 0.178718, -0.102672, 0.106493, 0.0496584, -0.877383, -0.0446804, 0.0716479, 0.771134, 
0.148985, 0.755946, 0.151849, -0.963334, -0.00759479, 0.198341, 0.0929682, 0.040767, 0.139727, 0.0116799, 0.361518, 0.12362, 0.125193, 0.00897333, -0.19678, 
end
