stats : 
10, 3, 5, 15
input: 
1, -1, 1, 1, 1, 1, -1, -1, -0.724493, -0.90965, 
output: 
0.921217, -0.99763, -0.861667, 
hidden: 
0.338415, 0.63466, 0.928425, 0.621616, 0.74828, 0.998873, 0.579098, -0.97186, -0.640686, 0.38266, 0.911505, 0.632568, -0.278912, -0.555091, 0.976713, 
-0.513045, -0.33967, 0.680086, 0.11026, 0.580222, -0.991799, -0.420685, -0.558755, 0.953262, -0.989259, -0.341023, -0.983204, -0.951536, 0.344864, 0.895052, 
-0.98246, -0.982334, -0.89894, -0.90982, -0.985409, -0.977658, -0.991331, -0.804763, 0.726242, -0.969073, -0.515187, -0.504688, -0.240593, 0.808241, -0.676114, 
-0.7176, 0.997574, 0.923802, 0.859533, 0.751568, 0.540518, -0.977516, 0.899245, -0.995629, 0.920848, 0.774984, 0.0482504, 0.517007, -0.753771, 0.202272, 
-0.993896, -0.922747, 0.12319, -0.382627, -0.818715, 0.794224, -0.467512, -0.94999, 0.786362, -0.313818, -0.72212, -0.987313, 0.245846, 0.883525, -0.840051, 
biases: 
0.915746, -0.723079, -0.691384, 0.631984, -0.84499, 0.992392, -0.274738, 
weights: 
-0.0666459, 0.140797, 0.0716058, -0.65734, 0.618632, 0.79137, -0.467453, -0.395479, -0.657823, 0.303681, 0.398054, -0.287282, 0.0963969, -0.936483, 0.92234, -0.370387, -0.852754, 0.859664, -0.0972794, 0.555181, -0.806079, -0.3025, 0.960063, -0.0811465, -0.657118, -0.309376, 0.979576, 0.838475, -0.321082, 0.0562472, 0.0348808, -0.90391, 0.719995, -0.64687, 0.51971, -0.0637661, -0.584537, -0.183613, 0.582419, -0.587078, 0.2407, -0.936139, 0.0431975, -0.296077, 0.013698, -0.914014, 0.840076, -0.00507104, 0.11459, 0.623662, 0.400179, -0.383886, 0.899198, -0.724424, -0.837587, 0.115528, 0.500853, -0.273821, -0.590933, -0.13527, -0.469204, 0.655382, 0.135999, 0.261799, -0.83389, 0.00249064, -0.0585275, -0.762673, -0.864497, 0.65504, 0.817451, 0.816113, -0.0134152, 0.119551, 0.811219, 0.441659, -0.309858, 0.745567, -0.200405, 0.31477, 0.438331, 0.913695, -0.602132, 0.56815, 0.446991, -0.738865, 0.397604, -0.936249, 0.185791, 0.344153, 0.773703, 0.225966, -0.00562847, -0.720081, -0.238848, 0.0355136, -0.490676, -0.677915, 0.82097, -0.789496, 0.372455, -0.755165, -0.680588, -0.802623, 0.459318, -0.414333, 0.77765, 0.315728, 0.435694, -0.0893427, -0.450731, -0.223541, 0.833693, -0.858996, 0.541506, -0.435327, 0.703969, 0.0774726, 0.595056, -0.0349633, -0.322289, -0.593844, -0.67169, 0.0809348, 0.151382, 0.928925, -0.244393, 0.34686, -0.153353, 0.693523, 0.518869, -0.104766, 0.0219283, 0.571512, 0.273939, -0.181791, 0.954682, 0.279073, -0.678377, 0.937644, -0.777902, 0.953895, 0.691129, 0.889555, 0.985299, 0.229317, -0.210265, -0.146089, 0.151593, -0.0306027, 
-0.867018, -0.897904, 0.639783, -0.0527975, -0.840506, 0.643421, 0.660056, 0.915392, -0.701282, 0.583331, 0.859799, -0.153611, -0.373375, 0.19482, 0.0595063, 0.831888, -0.97971, -0.189034, 0.242027, -0.629611, 0.795328, 0.220202, -0.992885, 0.892861, 0.857342, -0.935968, 0.17333, 0.0144947, -0.35442, 0.871482, -0.106786, -0.572197, -0.237762, 0.676172, 0.439755, -0.919746, 0.58939, -0.415653, 0.423999, 0.724704, 0.264435, -0.674695, -0.128733, 0.312378, -0.791611, 0.548357, 0.383103, 0.790257, -0.814925, -0.254337, -0.794487, 0.842974, -0.318498, -0.125483, -0.263266, -0.415176, 0.573089, 0.385272, 0.36261, 0.679283, 0.161348, 0.825672, -0.212194, 0.420871, -0.150865, -0.735925, 0.0150613, 0.460099, 0.912143, -0.962619, 0.720846, -0.624666, -0.770083, -0.89447, 0.847472, -0.262934, -0.643192, 0.361669, 0.4975, -0.0361165, -0.578998, 0.540061, 0.88102, 0.296558, -0.270678, 0.102003, -0.493562, 0.123954, 0.434662, 0.279311, 0.683571, -0.891084, 0.565861, 0.130439, 0.372345, 0.720555, -0.358287, 0.710987, 0.689214, 0.736291, 0.311087, -0.18497, -0.551427, 0.907779, 0.423739, -0.685006, -0.590476, 0.0271105, -0.403663, 0.14557, 0.974933, 0.0213072, -0.749397, 0.179535, 0.964046, -0.583298, 0.441291, -0.00153965, -0.0487962, -0.421592, 0.958397, -0.937504, -0.998513, 0.319093, -0.797229, -0.43364, 0.508666, 0.297825, -0.605541, -0.659065, 0.946032, 0.867083, 0.5319, -0.284333, -0.611212, -0.773128, 0.72527, 0.112692, 0.0936677, -0.688866, -0.652242, 0.298581, -0.340891, -0.137778, -0.709377, 0.861783, -0.574062, -0.702689, 0.0213505, 0.350587, 0.0942448, 0.755295, 0.238511, -0.219117, 0.854768, -0.335773, -0.959208, 0.165943, 0.365594, -0.934928, -0.252646, 0.457654, -0.529844, -0.36938, -0.290866, -0.861906, 0.795723, -0.65694, -0.0678047, 0.959373, 0.810467, -0.931309, -0.504773, -0.314329, 0.313409, 0.974019, 0.985686, 0.965896, 0.940336, -0.539006, -0.542835, -0.321422, 0.0820588, -0.425774, 0.814533, 0.421946, -0.200961, 0.202214, -0.0300476, 0.995287, 0.790773, 0.665072, 0.947622, 0.383458, -0.138771, 0.955258, 0.935661, 0.654358, -0.829716, 0.48097, -0.111554, -0.983345, 0.210102, -0.170761, -0.164422, 0.976366, 0.903855, -0.484965, 0.553134, -0.112011, 0.520423, -0.0873831, 0.59681, -0.891736, 0.773552, 0.0841805, -0.418885, -0.722542, 0.172239, -0.970283, -0.0530745, 0.47889, 0.122332, 0.362243, 0.328149, 
-0.527637, -0.590142, -0.916417, -0.670467, -0.88134, 0.444295, -0.661123, 0.161564, -0.00274092, -0.975082, -0.920326, -0.981552, 0.865018, -0.146912, -0.962862, -0.520412, 0.647047, 0.380106, 0.873864, 0.353407, -0.138174, -0.795114, -0.781156, -0.985342, 0.53087, -0.190867, 0.141846, -0.259987, -0.0942877, -0.211315, -0.511382, -0.811284, -0.104367, 0.0949632, 0.354044, 0.074792, -0.935356, 0.831688, -0.253147, 0.713878, -0.0531731, 0.762083, -0.178001, -0.246992, -0.225213, 0.837107, 0.713561, 0.732984, 0.589141, -0.130997, 0.779734, -0.736443, -0.554403, -0.733436, -0.230697, -0.167266, 0.931931, -0.819089, -0.0264314, -0.891409, 0.50757, 0.671137, -0.789656, 0.431887, -0.118997, -0.0442787, -0.581917, 0.682948, 0.228441, 0.247008, -0.169405, -0.757398, 0.00887203, 0.364073, 0.363152, 0.568174, 0.798172, -0.652608, 0.188644, 0.886736, 0.5835, 0.164343, 0.205452, -0.504667, 0.181326, 0.887165, -0.311155, -0.587766, -0.0489571, 0.889949, 0.427345, -0.316967, -0.827196, 0.903914, -0.610916, -0.606891, 0.387814, -0.0778434, 0.585458, 0.639679, -0.371587, -0.775743, 0.998269, 0.25869, -0.155504, 0.237029, -0.820321, -0.0661547, 0.335495, 0.599674, -0.503632, 0.357779, 0.0178608, -0.588623, 0.31497, 0.708514, 0.150236, -0.2127, 0.786704, 0.38442, 0.775016, -0.54638, 0.145895, -0.296151, -0.570495, -0.421761, 0.159237, -0.733291, 0.62395, -0.595182, 0.908455, -0.359019, 0.977214, 0.857639, -0.633538, 0.868724, 0.877795, 0.97635, 0.491341, 0.917574, 0.482826, 0.369936, 0.511542, 0.0865836, -0.675642, 0.920637, -0.607989, 0.180601, -0.125255, -0.540894, 0.441736, 0.392996, 0.487862, 0.687044, -0.584078, -0.380994, -0.746925, 0.68336, 0.48067, 0.404675, 0.560406, 0.181758, -0.194221, -0.32553, -0.430743, 0.221035, -0.768442, 0.0573031, -0.770234, 0.437649, 0.974912, 0.198596, 0.330975, -0.865332, 0.761495, -0.30979, 0.51914, 0.557279, -0.285522, -0.455238, 0.981136, 0.988049, 0.410901, -0.258963, -0.0994942, -0.272393, 0.71234, 0.204135, -0.597107, 0.971327, 0.409945, -0.0985636, -0.674185, -0.940504, 0.648886, 0.970404, 0.501986, -0.700673, 0.845649, -0.16176, -0.373522, 0.144681, 0.202523, -0.416577, -0.608113, 0.896614, -0.632295, -0.0469983, 0.907921, -0.357524, -0.218645, 0.0743109, -0.0202091, -0.894068, 0.387325, 0.155919, -0.304582, 0.631388, -0.901792, 0.263454, 0.971024, -0.686795, -0.190659, -0.419891, 0.660923, 
0.751482, -0.72595, 0.490909, 0.622378, 0.126516, 0.803491, 0.516631, -0.815726, 0.511274, -0.399769, -0.347025, -0.533192, 0.949313, -0.196927, 0.368432, 0.845545, -0.557856, -0.432039, 0.407915, -0.254378, 0.383228, -0.366216, 0.770213, 0.402005, 0.470959, -0.914947, -0.46289, -0.0168906, 0.00823188, -0.918742, 0.882876, -0.433604, 0.245518, 0.740289, 0.821774, 0.111006, 0.445064, -0.640984, 0.920253, 0.300291, -0.313526, -0.435752, -0.658947, -0.246711, 0.608356, 0.208134, -0.799509, 0.0856177, -0.257558, -0.594342, -0.720951, 0.806937, -0.930222, 0.125139, -0.600451, 0.83481, 0.362423, 0.765451, 0.756035, -0.677775, -0.677474, -0.475439, -0.0768566, 0.232738, -0.80122, 0.304197, -0.267656, 0.326048, 0.0580149, 0.573283, 0.403128, -0.210117, 0.499535, 0.1097, -0.564542, 0.719802, 0.610758, -0.412459, -0.636329, -0.309871, -0.77285, -0.104402, 0.318432, -0.028706, -0.923941, 0.143262, -0.331902, -0.794756, 0.953767, -0.725167, -0.80414, -0.582445, 0.39382, -0.941794, 0.496924, -0.769172, 0.306087, 0.409679, -0.145576, 0.419327, 0.300892, 0.193951, -0.20463, 0.843614, 0.998042, -0.287787, 0.937591, -0.843557, -0.447586, -0.126895, 0.665563, 0.643437, -0.266287, 0.93233, -0.424077, -0.463125, 0.390528, -0.364442, -0.133452, -0.950573, 0.429043, -0.570482, -0.458966, 0.912206, -0.827627, 0.367141, 0.73669, -0.22548, -0.998257, 0.557934, -0.435144, -0.650713, 0.655022, -0.503331, -0.354809, -0.881147, 0.0968661, 0.067572, 0.340843, 0.210215, -0.988643, 0.799655, -0.064146, -0.407881, 0.46276, -0.66708, 0.834485, -0.154307, -0.490345, -0.114295, 0.154519, -0.0371686, -0.965752, 0.801183, -0.60604, 0.381657, 0.916157, 0.0399872, 0.798589, -0.474418, 0.965899, -0.572394, 0.59173, 0.00462496, 0.0810494, -0.0990736, 0.619279, -0.395333, -0.325555, -0.122184, 0.745709, 0.783814, 0.678027, 0.278537, 0.588439, 0.172498, 0.315908, -0.906931, -0.763964, 0.762812, -0.0894733, -0.869352, 0.390353, -0.492619, 0.517319, 0.0474538, 0.9148, -0.0407579, 0.506706, -0.321889, -0.559645, 0.0116036, -0.337769, 0.668718, 0.785342, -0.854878, 0.741984, -0.0563484, -0.197398, 0.237205, -0.869169, -0.274051, 0.176376, -0.177739, -0.030169, 0.361162, 0.109408, -0.884028, -0.460662, -0.939553, 0.653486, -0.953663, -0.610302, -0.552552, -0.116259, 0.0560652, -0.615577, -0.747485, 0.108177, -0.791145, 0.104648, 0.871228, -0.0512351, -0.705401, 0.822469, 
0.71379, -0.296636, 0.315519, -0.76832, -0.234776, -0.396863, -0.962823, 0.913988, 0.537163, -0.30224, -0.299088, 0.75849, -0.526912, -0.410639, 0.94732, 0.183904, -0.271317, -0.0254084, 0.591518, 0.355733, 0.878773, 0.175601, -0.642388, 0.805474, 0.377638, -0.322964, 0.87927, -0.0705352, 0.888862, -0.76294, 0.665944, -0.723644, 0.267045, -0.965657, 0.211329, 0.787613, -0.12183, 0.895359, -0.523509, -0.0799184, -0.0580119, 0.159545, 0.00971544, 0.0241735, 0.76649, -0.481799, -0.691163, 0.063459, -0.519193, -0.514505, -0.11713, -0.578248, -0.309409, 0.82247, -0.490076, -0.159716, 0.941549, -0.255372, 0.421762, -0.572786, -0.757294, 0.107833, 0.774068, 0.147341, 0.306282, 0.222938, 0.441364, 0.740268, 0.0564611, -0.561987, -0.0632231, -0.84673, 0.588493, -0.83092, 0.864001, 0.801074, 0.0284115, -0.0327362, 0.581625, 0.857362, 0.871043, -0.162085, 0.0056082, 0.560915, 0.84877, 0.620818, -0.985821, 0.589481, -0.822414, -0.189905, -0.517775, 0.146968, -0.805663, -0.0583667, -0.519205, 0.546828, 0.894837, 0.907091, -0.876064, -0.519666, -0.619447, 0.997141, 0.675402, -0.660785, -0.0597526, -0.521478, -0.934572, 0.0323837, 0.646289, -0.633362, -0.356169, 0.257254, 0.478192, -0.75918, -0.467628, 0.0813646, -0.0481416, -0.182951, 0.554811, 0.862588, 0.757305, -0.836114, -0.315019, 0.936654, -0.543366, -0.841055, -0.100345, 0.375975, 0.722497, -0.919139, 0.791127, 0.402845, -0.463011, 0.228732, 0.810968, -0.545758, 0.956317, 0.253874, 0.681082, -0.720717, 0.586864, 0.702365, -0.0252391, 0.0478278, 0.047686, -0.279131, -0.336929, 0.0442334, 0.32193, -0.582627, -0.523778, 0.216133, -0.75176, -0.866551, -0.0191345, -0.989718, -0.708169, -0.88224, 0.558367, -0.788705, 0.37961, 0.78751, 0.373848, -0.699265, 0.933231, -0.277604, 0.151472, -0.0527939, 0.502023, -0.984866, -0.633518, 0.416891, -0.823295, 0.682475, -0.922581, 0.868934, 0.191744, 0.0206566, 0.994414, -0.456802, -0.189908, -0.45764, -0.734259, 0.367041, -0.3047, 0.170971, -0.755604, 0.555961, 0.771769, -0.316736, 0.877478, -0.104361, 0.160623, 0.952415, -0.0974342, 0.215724, 0.213865, 0.166134, -0.328644, 0.998745, 0.182755, -0.8018, -0.501319, -0.797849, -0.060925, 0.419584, 0.772415, -0.40309, -0.740693, 0.0281985, 0.562891, -0.218806, 0.401245, 0.448235, -0.595557, -0.865117, 0.243056, 0.503434, -0.220591, 0.555408, -0.811683, -0.278435, -0.577201, -0.152979, 0.901466, 
0.311364, 0.771202, 0.617505, -0.090352, -0.849884, -0.0510236, 0.18192, -0.308783, -0.487632, 0.890693, 0.87473, -0.104829, 0.748073, -0.953944, 0.0488379, -0.349987, 0.404726, -0.350493, 0.962621, 0.000861526, 0.519341, -0.827413, 0.46171, 0.791876, -0.281874, -0.0131473, 0.830139, 0.785552, 0.0648168, 0.743518, -0.651972, -0.309454, -0.516414, 0.46578, -0.721785, 0.0925674, -0.0165235, 0.479537, 0.925333, 0.995889, -0.139885, 0.102603, 0.952324, 0.907879, 0.664935, 0.976698, 0.927662, 0.143364, 0.899956, 0.639378, -0.947031, 0.324088, 0.638473, -0.77443, -0.007465, 0.815417, 0.771653, 0.450599, -0.0526159, -0.847433, 0.0071317, 0.960098, 0.0614218, 0.143015, 0.645934, -0.694308, -0.301954, -0.330195, 0.220171, -0.199053, 0.395823, 0.616116, -0.654361, 0.715766, 0.132763, -0.188023, 0.161799, -0.304733, 0.635021, 0.979887, -0.7107, -0.150606, 0.71119, 0.155028, -0.716332, -0.272563, -0.504012, -0.214989, 0.65732, -0.241849, -0.0113268, -0.985492, 0.242053, 0.938089, -0.00480205, 0.328854, -0.862682, -0.94979, 0.0474129, 0.298528, 0.0186285, -0.236526, -0.0990223, -0.24797, -0.9741, 0.252892, -0.575745, -0.731317, 0.239358, -0.630501, -0.61947, 0.548182, -0.256158, 0.187479, 0.278262, -0.969363, -0.10008, -0.554112, -0.278166, -0.581045, 0.901104, -0.175078, -0.567189, 0.564765, -0.565053, 0.273021, -0.367929, 0.645053, -0.194027, 0.542401, -0.734893, 0.293214, -0.67972, 0.853684, 0.0584249, 0.602467, 0.0628211, 0.0277085, -0.593025, -0.257151, 0.186316, -0.663856, 0.0869336, 0.0786972, -0.0145957, -0.786806, 0.955208, -0.332624, 0.468186, 0.251081, -0.0443709, -0.942081, -0.863105, -0.415314, -0.300875, -0.887342, 0.709928, -0.0299832, -0.196228, 0.00233328, -0.0036512, -0.357294, 0.893749, 0.658157, 0.566341, -0.748051, 0.204908, -0.409382, -0.744834, 0.100745, -0.943981, -0.848049, 0.187103, 0.560025, -0.217545, -0.352231, -0.47684, -0.526907, -0.852237, 0.0685514, -0.11845, 0.472478, -0.455655, 0.468617, -0.203007, 0.0410115, -0.851246, 0.940467, 0.980737, -0.154141, -0.556414, -0.711216, -0.617084, -0.408035, 0.506594, -0.48449, 0.408971, -0.681267, 0.0432875, -0.636739, -0.436709, -0.827519, 0.519126, 0.870252, 0.932263, 0.461277, 0.977869, -0.450019, -0.354441, -0.749454, 0.511977, 0.754738, 0.697879, -0.0603055, -0.201175, 0.67678, -0.721827, 0.368263, 0.214795, -0.173727, -0.335898, -0.463573, 0.771202, -0.737567, 0.745515, 
-0.822139, 0.898962, 0.207145, 0.800525, 0.942215, -0.183376, -0.578152, -0.189201, 0.0501359, -0.0863545, 0.476347, -0.596821, -0.609465, 0.991352, 0.943482, 0.0405287, 0.416928, -0.300303, 0.023586, 0.728287, -0.861227, 0.820719, -0.246413, -0.0452811, 0.637911, 0.762459, 0.316745, 0.277495, 0.746425, -0.847856, -0.521593, 0.28878, -0.524059, -0.497278, 0.613102, 0.693809, 0.105006, 0.242859, -0.0838629, 0.263802, -0.430222, -0.633216, -0.654681, -0.274584, 0.340579, 
end
